# log size 8366
########################################################
# FCPP execution started at:  Thu Jan  1 00:00:00 1970 #
########################################################
# 
#
# The columns have the following meaning:
# global_clock min_uid hop_dist bool_status max_stack max_heap max_msg degree nbr_list 
0 65498 0 1 1 0 0 8952 29432 0 0 [] 
135.982 33060 2 0 0 0 0 8952 38648 76 3 [33115, 65496, 65499] 
136.986 33060 1 0 0 0 0 8952 38648 76 5 [33060, 33115, 65448, 65496, 65499] 
137.986 33060 1 0 0 0 0 8952 38648 76 5 [33060, 33115, 65448, 65496, 65499] 
138.986 33060 1 0 0 0 0 8952 39672 76 5 [33060, 33115, 65448, 65496, 65499] 
140.001 33060 1 0 0 0 0 8952 39672 76 6 [33060, 33115, 65448, 65449, 65496, 65499] 
141.001 33060 1 0 0 0 0 8952 39672 76 6 [33060, 33115, 65448, 65449, 65496, 65499] 
142.005 33060 1 0 0 0 0 8952 39672 76 6 [33060, 33115, 65448, 65449, 65496, 65499] 
143.005 33060 1 0 0 0 0 8952 39672 76 6 [33060, 33115, 65448, 65449, 65496, 65499] 
144.006 33060 1 0 0 0 0 8952 39672 76 6 [33060, 33115, 65448, 65449, 65496, 65499] 
145.009 33060 1 0 0 0 0 8952 39672 76 6 [33060, 33115, 65448, 65449, 65496, 65499] 
146.019 33060 1 0 0 0 0 8952 39672 76 6 [33060, 33115, 65448, 65449, 65496, 65499] 
147.019 33060 1 0 0 0 0 8952 39672 76 6 [33060, 33115, 65448, 65449, 65496, 65499] 
148.02 33060 1 0 0 0 0 8952 39672 76 6 [33060, 33115, 65448, 65449, 65496, 65499] 
149.02 33060 1 0 0 0 0 8952 39672 76 6 [33060, 33115, 65448, 65449, 65496, 65499] 
150.02 33060 1 0 0 0 0 8952 39672 76 6 [33060, 33115, 65448, 65449, 65496, 65499] 
151.02 33060 1 0 0 0 0 8952 39672 76 6 [33060, 33115, 65448, 65449, 65496, 65499] 
152.02 33060 1 0 0 0 0 8952 39672 76 6 [33060, 33115, 65448, 65449, 65496, 65499] 
153.02 33060 1 0 0 0 0 8952 39672 76 6 [33060, 33115, 65448, 65449, 65496, 65499] 
154.02 33060 1 0 0 0 0 8952 39672 76 6 [33060, 33115, 65448, 65449, 65496, 65499] 
155.024 33060 1 0 0 0 0 8952 39672 76 6 [33060, 33115, 65448, 65449, 65496, 65499] 
156.033 33060 1 0 0 0 0 8952 40696 76 7 [33060, 33115, 65448, 65449, 65496, 65497, 65499] 
157.036 33060 1 0 0 0 0 8952 40696 76 7 [33060, 33115, 65448, 65449, 65496, 65497, 65499] 
158.047 33060 1 0 0 0 0 8952 40696 76 7 [33060, 33115, 65448, 65449, 65496, 65497, 65499] 
159.05 33060 1 0 0 0 0 8952 40696 76 7 [33060, 33115, 65448, 65449, 65496, 65497, 65499] 
160.05 33060 1 0 0 0 0 8952 40696 76 7 [33060, 33115, 65448, 65449, 65496, 65497, 65499] 
161.05 33060 1 0 0 0 0 8952 40696 76 7 [33060, 33115, 65448, 65449, 65496, 65497, 65499] 
162.056 33060 1 0 0 0 0 8952 41720 76 7 [33060, 33115, 65448, 65449, 65496, 65497, 65499] 
163.056 33060 1 0 0 0 0 8952 41720 76 7 [33060, 33115, 65448, 65449, 65496, 65497, 65499] 
164.067 33060 1 0 0 0 0 8952 41720 76 7 [33060, 33115, 65448, 65449, 65496, 65497, 65499] 
165.067 33060 1 0 0 0 0 8952 41720 76 7 [33060, 33115, 65448, 65449, 65496, 65497, 65499] 
166.067 33060 1 0 0 0 0 8952 41720 76 7 [33060, 33115, 65448, 65449, 65496, 65497, 65499] 
167.067 33060 1 0 0 0 0 8952 41720 76 7 [33060, 33115, 65448, 65449, 65496, 65497, 65499] 
168.069 33060 1 0 0 0 0 8952 41720 76 7 [33060, 33115, 65448, 65449, 65496, 65497, 65499] 
169.069 33060 1 0 0 0 0 8952 41720 76 7 [33060, 33115, 65448, 65449, 65496, 65497, 65499] 
170.069 33060 1 0 0 0 0 8952 41720 76 7 [33060, 33115, 65448, 65449, 65496, 65497, 65499] 
171.069 33060 1 0 0 0 0 8952 41720 76 7 [33060, 33115, 65448, 65449, 65496, 65497, 65499] 
172.069 33060 1 0 0 0 0 8952 41720 76 7 [33060, 33115, 65448, 65449, 65496, 65497, 65499] 
173.077 33060 1 0 0 0 0 8952 41720 76 7 [33060, 33115, 65448, 65449, 65496, 65497, 65499] 
174.077 33060 1 0 0 0 0 8952 41720 76 7 [33060, 33115, 65448, 65449, 65496, 65497, 65499] 
175.077 33060 1 0 0 0 0 8952 41720 76 7 [33060, 33115, 65448, 65449, 65496, 65497, 65499] 
176.08 33060 1 0 0 0 0 8952 41720 76 7 [33060, 33115, 65448, 65449, 65496, 65497, 65499] 
177.08 33060 1 0 0 0 0 8952 41720 76 7 [33060, 33115, 65448, 65449, 65496, 65497, 65499] 
178.084 33060 1 0 0 0 0 8952 41720 76 7 [33060, 33115, 65448, 65449, 65496, 65497, 65499] 
179.087 33060 1 0 0 0 0 8952 41720 76 7 [33060, 33115, 65448, 65449, 65496, 65497, 65499] 
180.087 33060 1 0 0 0 0 8952 41720 76 7 [33060, 33115, 65448, 65449, 65496, 65497, 65499] 
181.096 33060 1 0 0 0 0 8952 41720 76 7 [33060, 33115, 65448, 65449, 65496, 65497, 65499] 
182.101 33060 1 0 0 0 0 8952 41720 76 7 [33060, 33115, 65448, 65449, 65496, 65497, 65499] 
183.101 33060 1 0 0 0 0 8952 41720 76 7 [33060, 33115, 65448, 65449, 65496, 65497, 65499] 
184.101 33060 1 0 0 0 0 8952 41720 76 7 [33060, 33115, 65448, 65449, 65496, 65497, 65499] 
185.113 33060 1 0 0 0 0 8952 41720 76 7 [33060, 33115, 65448, 65449, 65496, 65497, 65499] 
186.128 33060 1 0 0 0 0 8952 41720 76 7 [33060, 33115, 65448, 65449, 65496, 65497, 65499] 
187.128 33060 1 0 0 0 0 8952 41720 76 7 [33060, 33115, 65448, 65449, 65496, 65497, 65499] 
188.128 33060 1 0 0 0 0 8952 41720 76 7 [33060, 33115, 65448, 65449, 65496, 65497, 65499] 
189.128 33060 1 0 0 0 0 8952 41720 76 7 [33060, 33115, 65448, 65449, 65496, 65497, 65499] 
190.128 33060 1 0 0 0 0 8952 41720 76 7 [33060, 33115, 65448, 65449, 65496, 65497, 65499] 
191.128 33060 1 0 0 0 0 8952 41720 76 7 [33060, 33115, 65448, 65449, 65496, 65497, 65499] 
192.145 33060 1 0 0 0 0 8952 41720 76 7 [33060, 33115, 65448, 65449, 65496, 65497, 65499] 
193.145 33060 1 0 0 0 0 8952 41720 76 7 [33060, 33115, 65448, 65449, 65496, 65497, 65499] 
194.16 33060 1 0 0 0 0 8952 41720 76 7 [33060, 33115, 65448, 65449, 65496, 65497, 65499] 
195.161 33060 1 0 0 0 0 8952 41720 76 7 [33060, 33115, 65448, 65449, 65496, 65497, 65499] 
196.161 33060 1 0 0 0 0 8952 41720 76 7 [33060, 33115, 65448, 65449, 65496, 65497, 65499] 
197.161 33060 1 0 0 0 0 8952 41720 76 7 [33060, 33115, 65448, 65449, 65496, 65497, 65499] 
198.169 33060 1 0 0 0 0 8952 41720 76 7 [33060, 33115, 65448, 65449, 65496, 65497, 65499] 
199.174 33060 1 0 0 0 0 8952 41720 76 7 [33060, 33115, 65448, 65449, 65496, 65497, 65499] 
200.187 33060 1 0 0 0 0 8952 41720 76 7 [33060, 33115, 65448, 65449, 65496, 65497, 65499] 
201.187 33060 1 0 0 0 0 8952 41720 76 7 [33060, 33115, 65448, 65449, 65496, 65497, 65499] 
202.201 33060 1 0 0 0 0 8952 41720 76 7 [33060, 33115, 65448, 65449, 65496, 65497, 65499] 
203.201 33060 1 0 0 0 0 8952 41720 76 7 [33060, 33115, 65448, 65449, 65496, 65497, 65499] 
204.201 33060 1 0 0 0 0 8952 41720 76 7 [33060, 33115, 65448, 65449, 65496, 65497, 65499] 
205.201 33060 1 0 0 0 0 8952 41720 76 7 [33060, 33115, 65448, 65449, 65496, 65497, 65499] 
206.221 33060 1 0 0 0 0 8952 41720 76 7 [33060, 33115, 65448, 65449, 65496, 65497, 65499] 
207.227 33060 1 0 0 0 0 8952 41720 76 7 [33060, 33115, 65448, 65449, 65496, 65497, 65499] 
208.229 33060 1 0 0 0 0 8952 41720 76 7 [33060, 33115, 65448, 65449, 65496, 65497, 65499] 
209.229 33060 1 0 0 0 0 8952 41720 76 7 [33060, 33115, 65448, 65449, 65496, 65497, 65499] 
210.234 33060 1 0 0 0 0 8952 41720 76 7 [33060, 33115, 65448, 65449, 65496, 65497, 65499] 
211.241 33060 1 0 0 0 0 8952 41720 76 7 [33060, 33115, 65448, 65449, 65496, 65497, 65499] 
212.245 33060 1 0 0 0 0 8952 41720 76 7 [33060, 33115, 65448, 65449, 65496, 65497, 65499] 
213.248 33060 1 0 0 0 0 8952 41720 76 7 [33060, 33115, 65448, 65449, 65496, 65497, 65499] 
214.254 33060 1 0 0 0 0 8952 41720 76 6 [33060, 33115, 65448, 65449, 65496, 65497] 
215.254 33060 1 0 0 0 0 8952 41720 76 5 [33060, 33115, 65448, 65496, 65497] 
216.255 33060 1 0 0 0 0 8952 41720 76 6 [33060, 33115, 65448, 65496, 65497, 65499] 
217.27 33060 1 0 0 0 0 8952 41720 76 6 [33060, 33115, 65448, 65496, 65497, 65499] 
218.27 33060 1 0 0 0 0 8952 41720 76 6 [33060, 33115, 65448, 65496, 65497, 65499] 
219.27 33060 1 0 0 0 0 8952 41720 76 6 [33060, 33115, 65448, 65496, 65497, 65499] 
220.272 33060 1 0 0 0 0 8952 41720 76 5 [33060, 33115, 65448, 65496, 65497] 
221.274 33060 1 0 0 0 0 8952 41720 76 5 [33060, 33115, 65448, 65496, 65497] 
222.285 33060 2 0 0 0 0 8952 41720 76 5 [33115, 65448, 65496, 65497, 65499] 
223.286 33060 2 0 0 0 0 8952 41720 76 5 [33115, 65448, 65496, 65497, 65499] 
224.288 33060 2 0 0 0 0 8952 41720 76 5 [33115, 65448, 65496, 65497, 65499] 
225.288 33060 2 0 0 0 0 8952 41720 76 5 [33115, 65448, 65496, 65497, 65499] 
226.288 33060 2 0 0 0 0 8952 41720 76 5 [33115, 65448, 65496, 65497, 65499] 
227.288 33060 2 0 0 0 0 8952 41720 76 5 [33115, 65448, 65496, 65497, 65499] 
228.29 33060 2 0 0 0 0 8952 41720 76 5 [33115, 65448, 65496, 65497, 65499] 
229.29 33060 3 0 0 0 0 8952 41720 76 5 [33115, 65448, 65496, 65497, 65499] 
230.29 33060 4 0 0 0 0 8952 41720 76 5 [33115, 65448, 65496, 65497, 65499] 
231.306 33060 4 0 0 0 0 8952 41720 76 5 [33115, 65448, 65496, 65497, 65499] 
232.311 33060 2 0 1 0 0 8952 41720 76 5 [33115, 65448, 65496, 65497, 65499] 
233.314 33060 2 0 1 0 0 8952 41720 76 5 [33115, 65448, 65496, 65497, 65499] 
234.314 33060 2 0 1 0 0 8952 41720 76 5 [33115, 65448, 65496, 65497, 65499] 
235.314 33060 2 0 1 0 0 8952 41720 76 5 [33115, 65448, 65496, 65497, 65499] 
236.316 33060 2 0 1 0 0 8952 41720 76 5 [33115, 65448, 65496, 65497, 65499] 
237.316 33060 2 0 1 0 0 8952 41720 76 5 [33115, 65448, 65496, 65497, 65499] 
238.319 33060 2 0 1 0 0 8952 41720 76 5 [33115, 65448, 65496, 65497, 65499] 
239.322 33060 2 0 1 0 0 8952 41720 76 5 [33115, 65448, 65496, 65497, 65499] 
240.325 33060 2 0 1 0 0 8952 41720 76 5 [33115, 65448, 65496, 65497, 65499] 
241.325 33060 2 0 1 0 0 8952 41720 76 5 [33115, 65448, 65496, 65497, 65499] 
242.325 33060 2 0 1 0 0 8952 41720 76 5 [33115, 65448, 65496, 65497, 65499] 
243.337 33060 2 0 1 0 0 8952 41720 76 6 [33115, 65448, 65449, 65496, 65497, 65499] 
244.337 33060 2 0 1 0 0 8952 41720 76 6 [33115, 65448, 65449, 65496, 65497, 65499] 
245.337 33060 2 0 1 0 0 8952 41720 76 6 [33115, 65448, 65449, 65496, 65497, 65499] 
246.337 33060 2 0 1 0 0 8952 41720 76 6 [33115, 65448, 65449, 65496, 65497, 65499] 
247.34 33060 2 0 1 0 0 8952 41720 76 6 [33115, 65448, 65449, 65496, 65497, 65499] 
248.341 33060 2 0 1 0 0 8952 41720 76 6 [33115, 65448, 65449, 65496, 65497, 65499] 
249.341 33060 2 0 1 0 0 8952 41720 76 5 [33115, 65448, 65496, 65497, 65499] 
250.343 33060 2 0 1 0 0 8952 41720 76 5 [33115, 65448, 65496, 65497, 65499] 
251.343 33060 2 0 1 0 0 8952 41720 76 5 [33115, 65448, 65496, 65497, 65499] 
252.346 33060 2 0 1 0 0 8952 41720 76 5 [33115, 65448, 65496, 65497, 65499] 
253.346 33060 2 0 1 0 0 8952 41720 76 5 [33115, 65448, 65496, 65497, 65499] 
254.346 33060 2 0 0 0 0 8952 41720 76 5 [33115, 65448, 65496, 65497, 65499] 
255.349 33060 2 0 0 0 0 8952 41720 76 5 [33115, 65448, 65496, 65497, 65499] 
256.355 33060 2 0 0 0 0 8952 41720 76 5 [33115, 65448, 65496, 65497, 65499] 
257.369 33060 2 0 0 0 0 8952 41720 76 5 [33115, 65448, 65496, 65497, 65499] 
258.369 33060 2 0 0 0 0 8952 41720 76 5 [33115, 65448, 65496, 65497, 65499] 
259.369 33060 2 0 0 0 0 8952 41720 76 5 [33115, 65448, 65496, 65497, 65499] 
260.369 33060 2 0 0 0 0 8952 41720 76 5 [33115, 65448, 65496, 65497, 65499] 
261.37 33060 2 0 0 0 0 8952 41720 76 5 [33115, 65448, 65496, 65497, 65499] 
262.371 33060 2 0 0 0 0 8952 41720 76 5 [33115, 65448, 65496, 65497, 65499] 
263.372 33060 2 0 0 0 0 8952 41720 76 5 [33115, 65448, 65496, 65497, 65499] 
264.375 33060 2 0 0 0 0 8952 41720 76 5 [33115, 65448, 65496, 65497, 65499] 
265.375 33060 2 0 0 0 0 8952 41720 76 5 [33115, 65448, 65496, 65497, 65499] 
266.375 33060 2 0 0 0 0 8952 41720 76 5 [33115, 65448, 65496, 65497, 65499] 
267.384 33060 2 0 0 0 0 8952 41720 76 5 [33115, 65448, 65496, 65497, 65499] 
268.384 33060 2 0 0 0 0 8952 41720 76 5 [33115, 65448, 65496, 65497, 65499] 
269.384 33060 2 0 0 0 0 8952 41720 76 5 [33115, 65448, 65496, 65497, 65499] 
270.389 33060 2 0 0 0 0 8952 41720 76 5 [33115, 65448, 65496, 65497, 65499] 
271.389 33060 2 0 0 0 0 8952 41720 76 5 [33115, 65448, 65496, 65497, 65499] 
272.39 33060 2 0 0 0 0 8952 41720 76 5 [33115, 65448, 65496, 65497, 65499] 
273.39 33060 2 0 0 0 0 8952 41720 76 5 [33115, 65448, 65496, 65497, 65499] 
274.391 33060 2 0 0 0 0 8952 41720 76 5 [33115, 65448, 65496, 65497, 65499] 
275.391 33060 2 0 0 0 0 8952 41720 76 5 [33115, 65448, 65496, 65497, 65499] 
276.403 33060 2 0 0 0 0 8952 41720 76 5 [33115, 65448, 65496, 65497, 65499] 
277.406 33060 2 0 0 0 0 8952 41720 76 5 [33115, 65448, 65496, 65497, 65499] 
278.406 33060 2 0 0 0 0 8952 41720 76 5 [33115, 65448, 65496, 65497, 65499] 
279.406 33060 2 0 0 0 0 8952 41720 76 5 [33115, 65448, 65496, 65497, 65499] 
280.413 33060 2 0 0 0 0 8952 41720 76 5 [33115, 65448, 65496, 65497, 65499] 
281.413 33060 2 0 0 0 0 8952 41720 76 5 [33115, 65448, 65496, 65497, 65499] 
282.413 33060 2 0 1 0 0 8952 41720 76 5 [33115, 65448, 65496, 65497, 65499] 
283.414 33060 2 0 1 0 0 8952 41720 76 5 [33115, 65448, 65496, 65497, 65499] 
284.418 33060 2 0 1 0 0 8952 41720 76 5 [33115, 65448, 65496, 65497, 65499] 
285.418 33060 2 0 1 0 0 8952 41720 76 5 [33115, 65448, 65496, 65497, 65499] 
286.418 33060 2 0 1 0 0 8952 41720 76 5 [33115, 65448, 65496, 65497, 65499] 
287.418 33060 2 0 1 0 0 8952 41720 76 5 [33115, 65448, 65496, 65497, 65499] 
288.418 33060 2 0 1 0 0 8952 41720 76 5 [33115, 65448, 65496, 65497, 65499] 
289.418 33060 2 0 1 0 0 8952 41720 76 5 [33115, 65448, 65496, 65497, 65499] 
290.418 33060 2 0 1 0 0 8952 41720 76 5 [33115, 65448, 65496, 65497, 65499] 
291.428 33060 2 0 1 0 0 8952 41720 76 5 [33115, 65448, 65496, 65497, 65499] 
292.428 33060 2 0 1 0 0 8952 41720 76 5 [33115, 65448, 65496, 65497, 65499] 
293.428 33060 2 0 1 0 0 8952 41720 76 5 [33115, 65448, 65496, 65497, 65499] 
294.428 33060 2 0 1 0 0 8952 41720 76 5 [33115, 65448, 65496, 65497, 65499] 
295.431 33060 2 0 1 0 0 8952 41720 76 5 [33115, 65448, 65496, 65497, 65499] 
296.435 33060 2 0 1 0 0 8952 41720 76 5 [33115, 65448, 65496, 65497, 65499] 
297.435 33060 2 0 1 0 0 8952 41720 76 5 [33115, 65448, 65496, 65497, 65499] 
298.435 33060 2 0 1 0 0 8952 41720 76 5 [33115, 65448, 65496, 65497, 65499] 
299.435 33060 2 0 1 0 0 8952 41720 76 5 [33115, 65448, 65496, 65497, 65499] 
300.435 33060 2 0 1 0 0 8952 41720 76 5 [33115, 65448, 65496, 65497, 65499] 
301.435 33060 2 0 1 0 0 8952 41720 76 5 [33115, 65448, 65496, 65497, 65499] 
302.435 33060 2 0 1 0 0 8952 41720 76 5 [33115, 65448, 65496, 65497, 65499] 
303.435 33060 2 0 1 0 0 8952 41720 76 5 [33115, 65448, 65496, 65497, 65499] 
304.435 33060 2 0 1 0 0 8952 41720 76 5 [33115, 65448, 65496, 65497, 65499] 
305.438 33060 2 0 1 0 0 8952 41720 76 5 [33115, 65448, 65496, 65497, 65499] 
306.441 33060 2 0 1 0 0 8952 41720 76 5 [33115, 65448, 65496, 65497, 65499] 
307.445 33060 2 0 1 0 0 8952 41720 76 5 [33115, 65448, 65496, 65497, 65499] 
308.445 33060 2 0 0 0 0 8952 41720 76 4 [33115, 65448, 65497, 65499] 
309.454 33060 2 0 0 0 0 8952 41720 76 5 [33115, 65448, 65496, 65497, 65499] 
310.454 33060 2 0 0 0 0 8952 41720 76 5 [33115, 65448, 65496, 65497, 65499] 
311.46 33060 2 0 0 0 0 8952 41720 76 5 [33115, 65448, 65496, 65497, 65499] 
312.466 33060 2 0 0 0 0 8952 41720 76 5 [33115, 65448, 65496, 65497, 65499] 
313.466 33060 2 0 0 0 0 8952 41720 76 5 [33115, 65448, 65496, 65497, 65499] 
314.466 33060 2 0 0 0 0 8952 41720 76 5 [33115, 65448, 65496, 65497, 65499] 
315.466 33060 2 0 0 0 0 8952 41720 76 5 [33115, 65448, 65496, 65497, 65499] 
316.466 33060 2 0 0 0 0 8952 41720 76 5 [33115, 65448, 65496, 65497, 65499] 
317.466 33060 2 0 1 0 0 8952 41720 76 5 [33115, 65448, 65496, 65497, 65499] 
318.466 33060 2 0 1 0 0 8952 41720 76 5 [33115, 65448, 65496, 65497, 65499] 
319.468 33060 2 0 1 0 0 8952 41720 76 5 [33115, 65448, 65496, 65497, 65499] 
320.468 33060 2 0 1 0 0 8952 41720 76 4 [33115, 65448, 65497, 65499] 
321.468 33060 2 0 1 0 0 8952 41720 76 4 [33115, 65448, 65497, 65499] 
322.469 33060 2 0 1 0 0 8952 41720 76 4 [33115, 65448, 65497, 65499] 
323.469 33060 2 0 1 0 0 8952 41720 76 4 [33115, 65448, 65497, 65499] 
324.469 33060 2 0 1 0 0 8952 41720 76 4 [33115, 65448, 65497, 65499] 
325.469 33060 2 0 1 0 0 8952 41720 76 4 [33115, 65448, 65497, 65499] 
326.477 33060 2 0 1 0 0 8952 41720 76 4 [33115, 65448, 65497, 65499] 
327.482 33060 2 0 1 0 0 8952 41720 76 4 [33115, 65448, 65497, 65499] 
328.482 33060 2 0 1 0 0 8952 41720 76 4 [33115, 65448, 65497, 65499] 
329.483 33060 2 0 1 0 0 8952 41720 76 4 [33115, 65448, 65497, 65499] 
330.483 33060 2 0 1 0 0 8952 41720 76 4 [33115, 65448, 65497, 65499] 
331.489 33060 2 0 1 0 0 8952 41720 76 4 [33115, 65448, 65497, 65499] 
332.489 33060 2 0 1 0 0 8952 41720 76 5 [33115, 65448, 65496, 65497, 65499] 
333.489 33060 2 0 1 0 0 8952 41720 76 5 [33115, 65448, 65496, 65497, 65499] 
334.489 33060 2 0 1 0 0 8952 41720 76 5 [33115, 65448, 65496, 65497, 65499] 
335.492 33060 2 0 1 0 0 8952 41720 76 5 [33115, 65448, 65496, 65497, 65499] 
336.492 33060 2 0 1 0 0 8952 41720 76 5 [33115, 65448, 65496, 65497, 65499] 
337.492 33060 2 0 1 0 0 8952 41720 76 5 [33115, 65448, 65496, 65497, 65499] 
338.501 33060 2 0 1 0 0 8952 41720 76 5 [33115, 65448, 65496, 65497, 65499] 
339.501 33060 2 0 1 0 0 8952 41720 76 5 [33115, 65448, 65496, 65497, 65499] 
340.504 33060 2 0 1 0 0 8952 41720 76 5 [33115, 65448, 65496, 65497, 65499] 
341.504 33060 2 0 1 0 0 8952 41720 76 5 [33115, 65448, 65496, 65497, 65499] 
342.513 33060 2 0 1 0 0 8952 41720 76 5 [33115, 65448, 65496, 65497, 65499] 
343.521 33060 2 0 1 0 0 8952 41720 76 4 [33115, 65448, 65497, 65499] 
344.521 33060 2 0 1 0 0 8952 41720 76 4 [33115, 65448, 65497, 65499] 
345.525 33060 2 0 1 0 0 8952 41720 76 4 [33115, 65448, 65497, 65499] 
346.527 33060 2 0 1 0 0 8952 41720 76 4 [33115, 65448, 65497, 65499] 
347.528 33060 2 0 1 0 0 8952 41720 76 4 [33115, 65448, 65497, 65499] 
348.528 33060 2 0 1 0 0 8952 41720 76 5 [33115, 65448, 65496, 65497, 65499] 
349.528 33060 2 0 1 0 0 8952 41720 76 5 [33115, 65448, 65496, 65497, 65499] 
350.532 33060 2 0 1 0 0 8952 41720 76 4 [65448, 65496, 65497, 65499] 
351.532 33060 2 0 1 0 0 8952 41720 76 4 [65448, 65496, 65497, 65499] 
352.532 33060 2 0 0 0 0 8952 41720 76 4 [65448, 65496, 65497, 65499] 
353.532 33060 2 0 0 0 0 8952 41720 76 4 [65448, 65496, 65497, 65499] 
354.532 33060 2 0 0 0 0 8952 41720 76 4 [65448, 65496, 65497, 65499] 
355.532 33060 2 0 0 0 0 8952 41720 76 4 [65448, 65496, 65497, 65499] 
356.538 33060 2 0 0 0 0 8952 41720 76 4 [65448, 65496, 65497, 65499] 
357.538 33060 2 0 0 0 0 8952 41720 76 4 [65448, 65496, 65497, 65499] 
358.545 33060 3 0 0 0 0 8952 41720 76 3 [65496, 65497, 65499] 
359.545 33060 3 0 0 0 0 8952 41720 76 3 [65496, 65497, 65499] 
360.545 33060 3 0 0 0 0 8952 41720 76 3 [65496, 65497, 65499] 
361.546 33060 3 0 0 0 0 8952 41720 76 3 [65496, 65497, 65499] 
362.546 33060 3 0 0 0 0 8952 41720 76 3 [65496, 65497, 65499] 
363.546 33060 3 0 0 0 0 8952 41720 76 3 [65496, 65497, 65499] 
364.551 33060 3 0 0 0 0 8952 41720 76 3 [65496, 65497, 65499] 
365.551 33060 3 0 0 0 0 8952 41720 76 3 [65496, 65497, 65499] 
366.556 33060 3 0 0 0 0 8952 41720 76 3 [65496, 65497, 65499] 
367.556 33060 3 0 0 0 0 8952 41720 76 3 [65496, 65497, 65499] 
368.561 33060 2 0 0 0 0 8952 41720 76 4 [65448, 65496, 65497, 65499] 
369.561 33060 2 0 0 0 0 8952 41720 76 4 [65448, 65496, 65497, 65499] 
370.564 33060 2 0 0 0 0 8952 41720 76 4 [65448, 65496, 65497, 65499] 
371.564 33060 2 0 0 0 0 8952 41720 76 4 [65448, 65496, 65497, 65499] 
372.564 33060 2 0 0 0 0 8952 41720 76 5 [33115, 65448, 65496, 65497, 65499] 
373.564 33060 2 0 0 0 0 8952 41720 76 5 [33115, 65448, 65496, 65497, 65499] 
374.564 33060 2 0 0 0 0 8952 41720 76 5 [33115, 65448, 65496, 65497, 65499] 
375.564 33060 2 0 1 0 0 8952 41720 76 5 [33115, 65448, 65496, 65497, 65499] 
376.564 33060 2 0 1 0 0 8952 41720 76 5 [33115, 65448, 65496, 65497, 65499] 
377.564 33060 2 0 0 0 0 8952 41720 76 5 [33115, 65448, 65496, 65497, 65499] 
378.564 33060 2 0 0 0 0 8952 41720 76 4 [33115, 65448, 65497, 65499] 
379.564 33060 2 0 0 0 0 8952 41720 76 4 [33115, 65448, 65497, 65499] 
380.564 33060 2 1 0 0 0 8952 41720 76 1 [65448] 
381.564 33060 1 1 0 0 0 8952 41720 76 1 [33060] 
382.564 33060 1 1 0 0 0 8952 41720 76 1 [33060] 
383.564 33060 1 1 0 0 0 8952 41720 76 1 [33060] 
384.564 33060 1 0 1 0 0 8952 41720 76 2 [33060, 65448] 
385.564 33060 1 0 1 0 0 8952 41720 76 2 [33060, 65448] 
386.564 33060 1 0 1 0 0 8952 41720 76 2 [33060, 65448] 
387.564 33060 1 0 1 0 0 8952 41720 76 2 [33060, 65448] 
388.564 33060 1 0 0 0 0 8952 41720 76 2 [33060, 65448] 
389.564 33060 1 1 0 0 0 8952 41720 76 1 [33060] 
390.564 33060 1 1 0 0 0 8952 41720 76 1 [33060] 
391.564 33060 1 1 0 0 0 8952 41720 76 1 [33060] 
392.564 33060 1 1 1 0 0 8952 41720 76 1 [33060] 
393.568 33060 1 1 1 0 0 8952 41720 76 1 [33060] 
394.568 33060 1 1 1 0 0 8952 41720 76 1 [33060] 
395.568 33060 1 1 1 0 0 8952 41720 76 1 [33060] 
396.568 33060 1 1 1 0 0 8952 41720 76 1 [33060] 
397.568 33060 1 1 1 0 0 8952 41720 76 1 [33060] 
398.568 33060 1 1 1 0 0 8952 41720 76 1 [33060] 
399.568 33060 1 1 1 0 0 8952 41720 76 1 [33060] 
400.573 33060 1 0 1 0 0 8952 41720 76 2 [33060, 65497] 
401.573 33060 1 0 1 0 0 8952 41720 76 2 [33060, 65497] 
402.573 33060 1 0 0 0 0 8952 41720 76 2 [33060, 65497] 
403.573 33060 1 0 0 0 0 8952 41720 76 2 [33060, 65497] 
404.573 33060 1 0 0 0 0 8952 41720 76 2 [33060, 65497] 
405.573 33060 1 0 0 0 0 8952 41720 76 2 [33060, 65497] 
406.573 33060 1 0 0 0 0 8952 41720 76 2 [33060, 65497] 
407.576 33060 1 1 0 0 0 8952 41720 76 1 [33060] 
408.576 33060 1 1 0 0 0 8952 41720 76 1 [33060] 
409.576 33060 1 1 1 0 0 8952 41720 76 1 [33060] 
410.576 33060 1 1 1 0 0 8952 41720 76 1 [33060] 
411.576 33060 1 1 1 0 0 8952 41720 76 1 [33060] 
412.576 33060 1 1 1 0 0 8952 41720 76 1 [33060] 
413.579 33060 1 1 1 0 0 8952 41720 76 1 [33060] 
414.579 33060 1 1 1 0 0 8952 41720 76 1 [33060] 
415.579 33060 1 1 0 0 0 8952 41720 76 1 [33060] 
416.579 33060 1 1 0 0 0 8952 41720 76 1 [33060] 
417.579 33060 1 0 0 0 0 8952 41720 76 2 [33060, 65497] 
418.579 33060 1 0 0 0 0 8952 41720 76 2 [33060, 65497] 
419.58 33060 1 0 0 0 0 8952 41720 76 2 [33060, 65497] 
420.58 33060 1 0 0 0 0 8952 41720 76 2 [33060, 65497] 
421.581 33060 1 0 0 0 0 8952 41720 76 2 [33060, 65497] 
422.581 33060 1 0 0 0 0 8952 41720 76 2 [33060, 65497] 
423.581 33060 1 1 0 0 0 8952 41720 76 1 [33060] 
424.583 33060 1 1 0 0 0 8952 41720 76 1 [33060] 
425.583 33060 1 1 0 0 0 8952 41720 76 1 [33060] 
426.583 33060 1 1 0 0 0 8952 41720 76 1 [33060] 
427.583 33060 1 1 0 0 0 8952 41720 76 1 [33060] 
428.583 65498 0 1 1 0 0 8952 41720 76 0 [] 
429.583 33060 1 1 1 0 0 8952 41720 76 1 [33060] 
430.583 33060 1 1 1 0 0 8952 41720 76 1 [33060] 
431.583 33060 1 1 1 0 0 8952 41720 76 1 [33060] 
432.583 33060 1 1 1 0 0 8952 41720 76 1 [33060] 
433.583 33060 1 1 1 0 0 8952 41720 76 1 [33060] 
434.583 33060 1 1 1 0 0 8952 41720 76 1 [33060] 
435.583 33060 1 1 1 0 0 8952 41720 76 1 [33060] 
436.583 33060 1 1 1 0 0 8952 41720 76 1 [33060] 
437.583 33060 1 1 1 0 0 8952 41720 76 1 [33060] 
438.583 33060 1 1 1 0 0 8952 41720 76 1 [33060] 
439.583 33060 1 1 1 0 0 8952 41720 76 1 [33060] 
440.583 33060 1 1 1 0 0 8952 41720 76 1 [33060] 
441.583 33060 1 1 1 0 0 8952 41720 76 1 [33060] 
442.583 33060 1 1 1 0 0 8952 41720 76 1 [33060] 
443.583 33060 1 1 1 0 0 8952 41720 76 1 [33060] 
444.588 33060 1 1 1 0 0 8952 41720 76 1 [33060] 
445.588 33060 1 1 1 0 0 8952 41720 76 1 [33060] 
446.588 33060 1 1 1 0 0 8952 41720 76 1 [33060] 
447.588 33060 1 1 1 0 0 8952 41720 76 1 [33060] 
448.588 33060 1 1 1 0 0 8952 41720 76 1 [33060] 
449.588 33060 1 1 1 0 0 8952 41720 76 1 [33060] 
450.588 33060 1 1 1 0 0 8952 41720 76 1 [33060] 
451.588 33060 1 1 1 0 0 8952 41720 76 1 [33060] 
452.591 33060 1 1 1 0 0 8952 41720 76 1 [33060] 
453.595 33060 1 1 1 0 0 8952 41720 76 1 [33060] 
454.595 33060 1 1 1 0 0 8952 41720 76 1 [33060] 
455.595 33060 1 1 1 0 0 8952 41720 76 1 [33060] 
456.595 33060 1 1 1 0 0 8952 41720 76 1 [33060] 
457.595 33060 1 1 1 0 0 8952 41720 76 1 [33060] 
458.595 33060 1 1 1 0 0 8952 41720 76 1 [33060] 
459.595 33060 1 1 1 0 0 8952 41720 76 1 [33060] 
460.595 33060 1 1 1 0 0 8952 41720 76 1 [33060] 
461.597 33060 1 1 1 0 0 8952 41720 76 1 [33060] 
462.597 33060 1 1 1 0 0 8952 41720 76 1 [33060] 
463.597 33060 1 1 1 0 0 8952 41720 76 1 [33060] 
464.597 33060 1 1 1 0 0 8952 41720 76 1 [33060] 
465.597 33060 1 1 1 0 0 8952 41720 76 1 [33060] 
466.597 33060 1 1 1 0 0 8952 41720 76 1 [33060] 
467.597 33060 1 1 1 0 0 8952 41720 76 1 [33060] 
468.597 33060 1 1 1 0 0 8952 41720 76 1 [33060] 
469.606 33060 1 1 1 0 0 8952 41720 76 1 [33060] 
470.606 33060 1 1 1 0 0 8952 41720 76 1 [33060] 
471.606 33060 1 1 1 0 0 8952 41720 76 1 [33060] 
472.606 33060 1 1 1 0 0 8952 41720 76 1 [33060] 
473.606 33060 1 1 1 0 0 8952 41720 76 1 [33060] 
474.607 33060 1 1 1 0 0 8952 41720 76 1 [33060] 
475.607 33060 1 1 1 0 0 8952 41720 76 1 [33060] 
476.607 33060 1 1 1 0 0 8952 41720 76 1 [33060] 
477.607 33060 1 1 1 0 0 8952 41720 76 1 [33060] 
478.607 33060 1 1 1 0 0 8952 41720 76 1 [33060] 
479.607 33060 1 1 1 0 0 8952 41720 76 1 [33060] 
480.607 33060 1 1 1 0 0 8952 41720 76 1 [33060] 
481.609 33060 1 1 1 0 0 8952 41720 76 1 [33060] 
482.609 33060 1 1 1 0 0 8952 41720 76 1 [33060] 
483.609 33060 1 1 1 0 0 8952 41720 76 1 [33060] 
484.609 33060 1 1 1 0 0 8952 41720 76 1 [33060] 
485.609 33060 1 1 1 0 0 8952 41720 76 1 [33060] 
486.609 33060 1 1 1 0 0 8952 41720 76 1 [33060] 
487.609 33060 1 1 1 0 0 8952 41720 76 1 [33060] 
488.609 33060 1 1 1 0 0 8952 41720 76 1 [33060] 
489.609 33060 1 1 1 0 0 8952 41720 76 1 [33060] 
490.609 33060 1 1 1 0 0 8952 41720 76 1 [33060] 
491.609 33060 1 1 1 0 0 8952 41720 76 1 [33060] 
492.609 33060 1 1 1 0 0 8952 41720 76 1 [33060] 
493.609 33060 1 1 1 0 0 8952 41720 76 1 [33060] 
494.609 33060 1 1 1 0 0 8952 41720 76 1 [33060] 
495.609 33060 1 1 1 0 0 8952 41720 76 1 [33060] 
496.609 33060 1 1 1 0 0 8952 41720 76 1 [33060] 
497.609 33060 1 1 1 0 0 8952 41720 76 1 [33060] 
498.609 33060 1 1 1 0 0 8952 41720 76 1 [33060] 
499.609 33060 1 1 1 0 0 8952 41720 76 1 [33060] 
500.609 33060 1 1 1 0 0 8952 41720 76 1 [33060] 
501.609 33060 1 1 1 0 0 8952 41720 76 1 [33060] 
502.609 33060 1 1 1 0 0 8952 41720 76 1 [33060] 
503.609 33060 1 1 1 0 0 8952 41720 76 1 [33060] 
504.609 33060 1 1 1 0 0 8952 41720 76 1 [33060] 
505.609 33060 1 1 1 0 0 8952 41720 76 1 [33060] 
506.609 33060 1 1 1 0 0 8952 41720 76 1 [33060] 
507.609 33060 1 1 1 0 0 8952 41720 76 1 [33060] 
508.611 33060 1 1 1 0 0 8952 41720 76 1 [33060] 
509.612 33060 1 1 1 0 0 8952 41720 76 1 [33060] 
510.612 33060 1 1 1 0 0 8952 41720 76 1 [33060] 
511.612 33060 1 1 1 0 0 8952 41720 76 1 [33060] 
512.612 33060 1 1 1 0 0 8952 41720 76 1 [33060] 
513.612 33060 1 1 1 0 0 8952 41720 76 1 [33060] 
514.612 33060 1 1 1 0 0 8952 41720 76 1 [33060] 
515.612 33060 1 1 1 0 0 8952 41720 76 1 [33060] 
516.612 33060 1 1 1 0 0 8952 41720 76 1 [33060] 
517.612 33060 1 1 1 0 0 8952 41720 76 1 [33060] 
518.612 33060 1 1 1 0 0 8952 41720 76 1 [33060] 
519.612 33060 1 1 1 0 0 8952 41720 76 1 [33060] 
520.613 33060 1 1 1 0 0 8952 41720 76 1 [33060] 
521.613 33060 1 1 1 0 0 8952 41720 76 1 [33060] 
522.615 33060 1 1 1 0 0 8952 41720 76 1 [33060] 
523.615 33060 1 1 1 0 0 8952 41720 76 1 [33060] 
524.615 33060 1 1 1 0 0 8952 41720 76 1 [33060] 
525.615 33060 1 1 1 0 0 8952 41720 76 1 [33060] 
526.615 33060 1 1 1 0 0 8952 41720 76 1 [33060] 
527.615 33060 1 1 1 0 0 8952 41720 76 1 [33060] 
528.615 33060 1 1 1 0 0 8952 41720 76 1 [33060] 
529.617 33060 1 1 1 0 0 8952 41720 76 1 [33060] 
530.617 33060 1 1 1 0 0 8952 41720 76 1 [33060] 
531.617 33060 1 1 1 0 0 8952 41720 76 1 [33060] 
532.617 33060 1 1 1 0 0 8952 41720 76 1 [33060] 
533.617 33060 1 1 1 0 0 8952 41720 76 1 [33060] 
534.617 33060 1 1 1 0 0 8952 41720 76 1 [33060] 
535.617 33060 1 1 1 0 0 8952 41720 76 1 [33060] 
536.617 33060 1 1 1 0 0 8952 41720 76 1 [33060] 
537.617 33060 1 1 1 0 0 8952 41720 76 1 [33060] 
538.617 33060 1 1 1 0 0 8952 41720 76 1 [33060] 
539.617 33060 1 1 1 0 0 8952 41720 76 1 [33060] 
540.617 33060 1 1 1 0 0 8952 41720 76 1 [33060] 
541.617 33060 1 1 1 0 0 8952 41720 76 1 [33060] 
542.617 33060 1 1 1 0 0 8952 41720 76 1 [33060] 
543.617 33060 1 1 1 0 0 8952 41720 82 1 [33060] 
544.617 33060 1 1 1 0 0 8952 41720 82 1 [33060] 
545.617 33060 1 1 1 0 0 8952 41720 82 1 [33060] 
546.617 33060 1 1 1 0 0 8952 41720 82 1 [33060] 
547.617 33060 1 1 1 0 0 8952 41720 82 1 [33060] 
548.617 33060 1 1 1 0 0 8952 41720 82 1 [33060] 
549.62 33060 1 1 1 0 0 8952 41720 82 1 [33060] 
550.62 33060 1 1 1 0 0 8952 41720 82 1 [33060] 
551.627 33060 1 1 1 0 0 8952 41720 82 1 [33060] 
552.627 33060 1 1 1 0 0 8952 41720 82 1 [33060] 
553.627 33060 1 1 1 0 0 8952 41720 82 1 [33060] 
554.627 33060 1 1 1 0 0 8952 41720 82 1 [33060] 
555.627 33060 1 1 1 0 0 8952 41720 82 1 [33060] 
556.627 33060 1 1 1 0 0 8952 41720 82 1 [33060] 
557.627 33060 1 1 1 0 0 8952 41720 82 1 [33060] 
558.627 33060 1 1 1 0 0 8952 41720 82 1 [33060] 
559.627 65498 0 1 1 0 0 8952 41720 82 0 [] 
560.627 65498 0 1 1 0 0 8952 41720 82 0 [] 
561.627 65498 0 1 1 0 0 8952 41720 82 0 [] 
562.635 33060 1 1 1 0 0 8952 41720 82 1 [33060] 
563.635 33060 1 1 1 0 0 8952 41720 82 1 [33060] 
564.635 33060 1 1 1 0 0 8952 41720 82 1 [33060] 
565.635 33060 1 1 1 0 0 8952 41720 82 1 [33060] 
566.635 33060 1 1 1 0 0 8952 41720 82 1 [33060] 
567.636 33060 1 1 1 0 0 8952 41720 82 1 [33060] 
568.636 33060 1 1 1 0 0 8952 41720 82 1 [33060] 
569.636 33060 1 1 1 0 0 8952 41720 82 1 [33060] 
570.636 33060 1 1 1 0 0 8952 41720 82 1 [33060] 
571.636 33060 1 1 1 0 0 8952 41720 82 1 [33060] 
572.636 33060 1 1 1 0 0 8952 41720 82 1 [33060] 
573.636 33060 1 1 1 0 0 8952 41720 82 1 [33060] 
574.638 33060 1 1 1 0 0 8952 41720 82 1 [33060] 
575.638 33060 1 1 1 0 0 8952 41720 82 1 [33060] 
576.638 33060 1 1 1 0 0 8952 41720 82 1 [33060] 
577.638 33060 1 1 1 0 0 8952 41720 82 1 [33060] 
578.638 33060 1 1 1 0 0 8952 41720 82 1 [33060] 
579.638 33060 1 1 1 0 0 8952 41720 82 1 [33060] 
580.638 33060 1 1 1 0 0 8952 41720 82 1 [33060] 
581.638 33060 1 1 1 0 0 8952 41720 82 1 [33060] 
582.638 33060 1 1 1 0 0 8952 41720 82 1 [33060] 
583.638 33060 1 1 1 0 0 8952 41720 82 1 [33060] 
584.638 33060 1 1 1 0 0 8952 41720 82 1 [33060] 
585.638 33060 1 1 1 0 0 8952 41720 82 1 [33060] 
586.638 33060 1 1 1 0 0 8952 41720 82 1 [33060] 
587.64 33060 1 1 1 0 0 8952 41720 82 1 [33060] 
588.64 33060 1 1 1 0 0 8952 41720 82 1 [33060] 
589.64 33060 1 1 1 0 0 8952 41720 82 1 [33060] 
590.64 33060 1 1 1 0 0 8952 41720 82 1 [33060] 
591.64 33060 1 1 1 0 0 8952 41720 82 1 [33060] 
592.64 33060 1 1 1 0 0 8952 41720 82 1 [33060] 
593.64 33060 1 1 1 0 0 8952 41720 82 1 [33060] 
594.64 33060 1 1 1 0 0 8952 41720 82 1 [33060] 
595.64 33060 1 1 1 0 0 8952 41720 82 1 [33060] 
596.64 33060 1 1 1 0 0 8952 41720 82 1 [33060] 
597.645 33060 1 1 1 0 0 8952 41720 82 1 [33060] 
598.646 33060 1 1 1 0 0 8952 41720 82 1 [33060] 
599.646 33060 1 1 1 0 0 8952 41720 82 1 [33060] 
600.646 33060 1 1 1 0 0 8952 41720 82 1 [33060] 
601.647 33060 1 1 1 0 0 8952 41720 82 1 [33060] 
602.647 33060 1 1 1 0 0 8952 41720 82 1 [33060] 
603.649 33060 1 1 1 0 0 8952 41720 82 1 [33060] 
604.649 33060 1 1 1 0 0 8952 41720 82 1 [33060] 
605.649 33060 1 1 1 0 0 8952 41720 82 1 [33060] 
606.649 33060 1 1 1 0 0 8952 41720 82 1 [33060] 
607.649 33060 1 1 1 0 0 8952 41720 82 1 [33060] 
608.649 33060 1 1 1 0 0 8952 41720 82 1 [33060] 
609.649 33060 1 1 1 0 0 8952 41720 82 1 [33060] 
610.649 33060 1 1 1 0 0 8952 41720 82 1 [33060] 
611.649 33060 1 1 1 0 0 8952 41720 82 1 [33060] 
612.649 33060 1 1 1 0 0 8952 41720 82 1 [33060] 
613.649 33060 1 1 1 0 0 8952 41720 82 1 [33060] 
614.649 33060 1 1 1 0 0 8952 41720 82 1 [33060] 
615.649 33060 1 1 1 0 0 8952 41720 82 1 [33060] 
616.649 33060 1 1 1 0 0 8952 41720 82 1 [33060] 
617.649 33060 1 1 1 0 0 8952 41720 82 1 [33060] 
618.649 33060 1 1 1 0 0 8952 41720 82 1 [33060] 
619.649 33060 1 1 1 0 0 8952 41720 82 1 [33060] 
620.649 33060 1 1 1 0 0 8952 41720 82 1 [33060] 
621.651 33060 1 1 1 0 0 8952 41720 82 1 [33060] 
622.651 33060 1 1 1 0 0 8952 41720 82 1 [33060] 
623.651 33060 1 1 1 0 0 8952 41720 82 1 [33060] 
624.651 33060 1 1 1 0 0 8952 41720 82 1 [33060] 
625.651 33060 1 1 1 0 0 8952 41720 82 1 [33060] 
626.652 33060 1 1 1 0 0 8952 41720 82 1 [33060] 
627.652 33060 1 1 1 0 0 8952 41720 82 1 [33060] 
628.652 33060 1 1 1 0 0 8952 41720 82 1 [33060] 
629.652 33060 1 1 1 0 0 8952 41720 82 1 [33060] 
630.652 33060 1 1 1 0 0 8952 41720 82 1 [33060] 
631.652 33060 1 1 1 0 0 8952 41720 82 1 [33060] 
632.652 33060 1 1 1 0 0 8952 41720 82 1 [33060] 
633.652 33060 1 1 1 0 0 8952 41720 82 1 [33060] 
634.652 33060 1 1 1 0 0 8952 41720 82 1 [33060] 
635.652 33060 1 1 1 0 0 8952 41720 82 1 [33060] 
636.652 33060 1 1 1 0 0 8952 41720 82 1 [33060] 
637.652 33060 1 1 1 0 0 8952 41720 82 1 [33060] 
638.652 33060 1 1 1 0 0 8952 41720 82 1 [33060] 
639.653 33060 1 1 1 0 0 8952 41720 82 1 [33060] 
640.653 33060 1 1 1 0 0 8952 41720 82 1 [33060] 
641.653 33060 1 1 1 0 0 8952 41720 82 1 [33060] 
642.653 33060 1 1 1 0 0 8952 41720 82 1 [33060] 
643.653 33060 1 1 1 0 0 8952 41720 82 1 [33060] 
644.653 33060 1 1 1 0 0 8952 41720 82 1 [33060] 
645.653 33060 1 1 1 0 0 8952 41720 82 1 [33060] 
646.653 33060 1 1 1 0 0 8952 41720 82 1 [33060] 
647.656 33060 1 1 1 0 0 8952 41720 82 1 [33060] 
648.656 33060 1 1 1 0 0 8952 41720 82 1 [33060] 
649.656 33060 1 1 1 0 0 8952 41720 82 1 [33060] 
650.656 33060 1 1 1 0 0 8952 41720 82 1 [33060] 
651.657 33060 1 1 1 0 0 8952 41720 82 1 [33060] 
652.657 33060 1 1 1 0 0 8952 41720 82 1 [33060] 
653.657 33060 1 1 1 0 0 8952 41720 82 1 [33060] 
654.657 33060 1 1 1 0 0 8952 41720 82 1 [33060] 
655.657 33060 1 1 1 0 0 8952 41720 82 1 [33060] 
656.657 33060 1 1 1 0 0 8952 41720 82 1 [33060] 
657.657 33060 1 1 1 0 0 8952 41720 82 1 [33060] 
658.657 33060 1 1 1 0 0 8952 41720 82 1 [33060] 
659.657 33060 1 1 1 0 0 8952 41720 82 1 [33060] 
660.665 33060 1 1 1 0 0 8952 41720 82 1 [33060] 
661.665 33060 1 1 1 0 0 8952 41720 82 1 [33060] 
662.665 33060 1 1 1 0 0 8952 41720 82 1 [33060] 
663.665 33060 1 1 1 0 0 8952 41720 82 1 [33060] 
664.665 33060 1 1 1 0 0 8952 41720 82 1 [33060] 
665.665 33060 1 1 1 0 0 8952 41720 82 1 [33060] 
666.665 33060 1 1 1 0 0 8952 41720 82 1 [33060] 
667.665 33060 1 1 1 0 0 8952 41720 82 1 [33060] 
668.666 33060 1 1 1 0 0 8952 41720 82 1 [33060] 
669.666 33060 1 1 1 0 0 8952 41720 82 1 [33060] 
670.666 33060 1 1 1 0 0 8952 41720 82 1 [33060] 
671.666 33060 1 1 1 0 0 8952 41720 82 1 [33060] 
672.666 33060 1 1 1 0 0 8952 41720 82 1 [33060] 
673.666 33060 1 1 1 0 0 8952 41720 82 1 [33060] 
674.666 33060 1 1 1 0 0 8952 41720 82 1 [33060] 
675.666 33060 1 1 1 0 0 8952 41720 82 1 [33060] 
676.668 33060 1 1 1 0 0 8952 41720 82 1 [33060] 
677.668 33060 1 1 1 0 0 8952 41720 82 1 [33060] 
678.668 33060 1 1 1 0 0 8952 41720 82 1 [33060] 
679.668 33060 1 1 1 0 0 8952 41720 82 1 [33060] 
680.668 33060 1 1 1 0 0 8952 41720 82 1 [33060] 
681.668 33060 1 1 1 0 0 8952 41720 82 1 [33060] 
682.668 33060 1 1 1 0 0 8952 41720 82 1 [33060] 
683.668 33060 1 1 1 0 0 8952 41720 82 1 [33060] 
684.668 33060 1 1 1 0 0 8952 41720 82 1 [33060] 
685.668 33060 1 1 1 0 0 8952 41720 82 1 [33060] 
686.668 33060 1 1 1 0 0 8952 41720 82 1 [33060] 
687.668 33060 1 1 1 0 0 8952 41720 82 1 [33060] 
688.668 33060 1 1 1 0 0 8952 41720 82 1 [33060] 
689.668 33060 1 1 1 0 0 8952 41720 82 1 [33060] 
690.668 33060 1 1 1 0 0 8952 41720 82 1 [33060] 
691.668 33060 1 1 1 0 0 8952 41720 82 1 [33060] 
692.668 33060 1 1 1 0 0 8952 41720 82 1 [33060] 
693.669 33060 1 1 1 0 0 8952 41720 82 1 [33060] 
694.669 33060 1 1 1 0 0 8952 41720 82 1 [33060] 
695.669 33060 1 1 1 0 0 8952 41720 82 1 [33060] 
696.669 33060 1 1 1 0 0 8952 41720 82 1 [33060] 
697.669 33060 1 1 1 0 0 8952 41720 82 1 [33060] 
698.669 33060 1 1 1 0 0 8952 41720 82 1 [33060] 
699.669 33060 1 1 1 0 0 8952 41720 82 1 [33060] 
700.669 33060 1 1 1 0 0 8952 41720 82 1 [33060] 
701.669 33060 1 1 1 0 0 8952 41720 82 1 [33060] 
702.669 33060 1 1 1 0 0 8952 41720 82 1 [33060] 
703.669 33060 1 1 1 0 0 8952 41720 82 1 [33060] 
704.669 33060 1 1 1 0 0 8952 41720 82 1 [33060] 
705.669 33060 1 1 1 0 0 8952 41720 82 1 [33060] 
706.669 33060 1 1 1 0 0 8952 41720 82 1 [33060] 
707.669 33060 1 1 1 0 0 8952 41720 82 1 [33060] 
708.67 33060 1 1 1 0 0 8952 41720 82 1 [33060] 
709.671 33060 1 1 1 0 0 8952 41720 82 1 [33060] 
710.671 33060 1 1 1 0 0 8952 41720 82 1 [33060] 
711.671 33060 1 1 1 0 0 8952 41720 82 1 [33060] 
712.671 33060 1 1 1 0 0 8952 41720 82 1 [33060] 
713.671 33060 1 1 1 0 0 8952 41720 82 1 [33060] 
714.671 33060 1 1 1 0 0 8952 41720 82 1 [33060] 
715.671 33060 1 1 1 0 0 8952 41720 82 1 [33060] 
716.671 33060 1 1 1 0 0 8952 41720 82 1 [33060] 
717.673 33060 1 1 1 0 0 8952 41720 82 1 [33060] 
718.674 33060 1 1 1 0 0 8952 41720 82 1 [33060] 
719.674 33060 1 1 1 0 0 8952 41720 82 1 [33060] 
720.674 33060 1 1 1 0 0 8952 41720 82 1 [33060] 
721.674 33060 1 1 1 0 0 8952 41720 82 1 [33060] 
722.675 33060 1 1 1 0 0 8952 41720 82 1 [33060] 
723.675 33060 1 1 1 0 0 8952 41720 82 1 [33060] 
724.675 33060 1 1 1 0 0 8952 41720 82 1 [33060] 
725.675 33060 1 1 1 0 0 8952 41720 82 1 [33060] 
726.678 33060 1 1 1 0 0 8952 41720 82 1 [33060] 
727.678 33060 1 1 1 0 0 8952 41720 82 1 [33060] 
728.678 33060 1 1 1 0 0 8952 41720 82 1 [33060] 
729.678 33060 1 1 1 0 0 8952 41720 82 1 [33060] 
730.678 33060 1 1 1 0 0 8952 41720 82 1 [33060] 
731.678 33060 1 1 1 0 0 8952 41720 82 1 [33060] 
732.679 33060 1 1 1 0 0 8952 41720 82 1 [33060] 
733.679 33060 1 1 1 0 0 8952 41720 82 1 [33060] 
734.681 33060 1 1 1 0 0 8952 41720 82 1 [33060] 
735.683 33060 1 1 1 0 0 8952 41720 82 1 [33060] 
736.683 33060 1 1 1 0 0 8952 41720 82 1 [33060] 
737.683 33060 1 1 1 0 0 8952 41720 82 1 [33060] 
738.685 33060 1 1 1 0 0 8952 41720 82 1 [33060] 
739.685 33060 1 0 1 0 0 8952 41720 82 2 [33060, 65448] 
740.687 33060 1 0 1 0 0 8952 41720 82 2 [33060, 65448] 
741.687 33060 1 0 1 0 0 8952 41720 82 2 [33060, 65448] 
742.687 33060 1 0 1 0 0 8952 41720 82 2 [33060, 65448] 
743.689 33060 1 0 1 0 0 8952 41720 82 2 [33060, 65448] 
744.689 33060 1 0 1 0 0 8952 41720 82 2 [33060, 65448] 
745.689 33060 1 0 1 0 0 8952 41720 82 2 [33060, 65448] 
746.689 33060 1 0 1 0 0 8952 41720 82 2 [33060, 65448] 
747.689 65498 0 1 1 0 0 8952 41720 82 0 [] 
748.689 65498 0 1 1 0 0 8952 41720 82 0 [] 
749.689 65498 0 1 1 0 0 8952 41720 82 0 [] 
750.689 33060 1 1 1 0 0 8952 41720 82 1 [33060] 
751.689 33060 1 1 1 0 0 8952 41720 82 1 [33060] 
752.689 33060 1 1 1 0 0 8952 41720 82 1 [33060] 
753.689 33060 1 1 1 0 0 8952 41720 82 1 [33060] 
754.689 33060 1 1 1 0 0 8952 41720 82 1 [33060] 
755.689 33060 1 1 1 0 0 8952 41720 82 1 [33060] 
756.689 33060 1 1 1 0 0 8952 41720 82 1 [33060] 
757.689 33060 1 1 1 0 0 8952 41720 82 1 [33060] 
758.689 33060 1 1 1 0 0 8952 41720 82 1 [33060] 
759.689 65498 0 1 1 0 0 8952 41720 82 0 [] 
760.689 65498 0 1 1 0 0 8952 41720 82 0 [] 
761.689 65498 0 1 1 0 0 8952 41720 82 0 [] 
762.689 33060 1 1 1 0 0 8952 41720 82 1 [33060] 
763.689 33060 1 1 1 0 0 8952 41720 82 1 [33060] 
764.689 33060 1 1 1 0 0 8952 41720 82 1 [33060] 
765.689 33060 1 1 1 0 0 8952 41720 82 1 [33060] 
766.689 33060 1 1 1 0 0 8952 41720 82 1 [33060] 
767.689 33060 1 1 1 0 0 8952 41720 82 1 [33060] 
768.689 33060 1 1 1 0 0 8952 41720 82 1 [33060] 
769.689 33060 1 1 1 0 0 8952 41720 82 1 [33060] 
770.689 33060 1 1 1 0 0 8952 41720 82 1 [33060] 
771.689 33060 1 1 1 0 0 8952 41720 82 1 [33060] 
772.689 33060 1 1 1 0 0 8952 41720 82 1 [33060] 
773.689 33060 1 1 1 0 0 8952 41720 82 1 [33060] 
774.689 33060 1 0 1 0 0 8952 41720 82 2 [33060, 65497] 
775.692 33060 1 0 0 0 0 8952 41720 82 2 [33060, 65497] 
776.692 33060 1 0 0 0 0 8952 41720 82 2 [33060, 65497] 
777.692 33060 1 0 0 0 0 8952 41720 82 2 [33060, 65497] 
778.692 33060 1 0 0 0 0 8952 41720 82 2 [33060, 65497] 
779.692 33060 1 0 0 0 0 8952 41720 82 2 [33060, 65497] 
780.692 33060 1 0 0 0 0 8952 41720 82 2 [33060, 65497] 
781.692 33060 1 1 0 0 0 8952 41720 82 1 [33060] 
782.692 33060 1 1 1 0 0 8952 41720 82 1 [33060] 
783.692 33060 1 1 1 0 0 8952 41720 82 1 [33060] 
784.692 33060 1 1 1 0 0 8952 41720 82 1 [33060] 
785.692 33060 1 1 1 0 0 8952 41720 82 1 [33060] 
786.692 33060 1 1 1 0 0 8952 41720 82 1 [33060] 
787.692 33060 1 1 1 0 0 8952 41720 82 1 [33060] 
788.692 33060 1 1 1 0 0 8952 41720 82 1 [33060] 
789.692 33060 1 1 1 0 0 8952 41720 82 1 [33060] 
790.692 33060 1 1 1 0 0 8952 41720 82 1 [33060] 
791.692 33060 1 1 1 0 0 8952 41720 82 1 [33060] 
792.692 65498 0 1 1 0 0 8952 41720 82 0 [] 
793.692 65498 0 1 1 0 0 8952 41720 82 0 [] 
794.692 65498 0 1 1 1 1 8952 41720 82 0 [] 
795.692 65498 0 1 1 1 1 8952 41720 82 0 [] 
796.692 33060 2 1 1 1 1 8952 41720 82 1 [65497] 
797.692 33060 1 0 0 1 1 8952 41720 82 2 [33060, 65497] 
798.693 33060 1 0 0 1 1 8952 41720 82 2 [33060, 65497] 
799.693 33060 1 0 0 1 1 8952 41720 82 2 [33060, 65497] 
800.693 33060 1 1 0 1 1 8952 41720 82 1 [33060] 
801.693 33060 1 1 1 1 1 8952 41720 82 1 [33060] 
802.693 33060 1 1 1 1 1 8952 41720 82 1 [33060] 
803.693 33060 1 1 1 1 1 8952 41720 82 1 [33060] 
804.693 33060 1 1 1 1 1 8952 41720 82 1 [33060] 
805.694 33060 1 1 1 1 1 8952 41720 82 1 [33060] 
806.694 33060 1 1 1 1 1 8952 41720 82 1 [33060] 
807.694 33060 1 1 1 1 1 8952 41720 82 1 [33060] 
808.694 33060 1 1 1 1 1 8952 41720 82 1 [33060] 
809.694 33060 1 1 1 1 1 8952 41720 82 1 [33060] 
810.694 33060 1 1 1 1 1 8952 41720 82 1 [33060] 
811.694 33060 1 1 1 1 1 8952 41720 82 1 [33060] 
812.694 33060 1 1 1 1 1 8952 41720 82 1 [33060] 
813.694 33060 1 1 1 1 1 8952 41720 82 1 [33060] 
814.694 33060 1 1 1 1 1 8952 41720 82 1 [33060] 
815.694 33060 1 1 1 1 1 8952 41720 82 1 [33060] 
816.694 33060 1 1 1 1 1 8952 41720 82 1 [33060] 
817.694 33060 1 1 1 1 1 8952 41720 82 1 [33060] 
818.694 33060 1 1 1 1 1 8952 41720 82 1 [33060] 
819.694 33060 1 1 1 1 1 8952 41720 82 1 [33060] 
820.694 33060 1 1 1 1 1 8952 41720 82 1 [33060] 
821.694 33060 1 1 1 1 1 8952 41720 82 1 [33060] 
822.694 33060 1 1 1 1 1 8952 41720 82 1 [33060] 
823.694 33060 1 1 1 1 1 8952 41720 82 1 [33060] 
824.694 33060 1 1 1 1 1 8952 41720 82 1 [33060] 
825.694 33060 1 1 1 1 1 8952 41720 82 1 [33060] 
826.694 33060 1 1 1 1 1 8952 41720 82 1 [33060] 
827.694 33060 1 1 1 1 1 8952 41720 82 1 [33060] 
828.694 33060 1 1 1 1 1 8952 41720 82 1 [33060] 
829.694 33060 1 1 1 1 1 8952 41720 82 1 [33060] 
830.694 33060 1 1 1 1 1 8952 41720 82 1 [33060] 
831.694 33060 1 1 1 1 1 8952 41720 82 1 [33060] 
832.694 33060 1 1 1 1 1 8952 41720 82 1 [33060] 
833.694 33060 1 1 1 1 1 8952 41720 82 1 [33060] 
834.694 33060 1 1 1 1 1 8952 41720 82 1 [33060] 
835.694 33060 1 1 1 1 1 8952 41720 82 1 [33060] 
836.694 33060 1 1 1 1 1 8952 41720 82 1 [33060] 
837.694 33060 1 1 1 1 1 8952 41720 82 1 [33060] 
838.694 33060 1 1 1 1 1 8952 41720 82 1 [33060] 
839.694 33060 1 1 1 1 1 8952 41720 82 1 [33060] 
840.694 33060 1 1 1 1 1 8952 41720 82 1 [33060] 
841.694 33060 1 1 1 1 1 8952 41720 82 1 [33060] 
842.695 33060 1 1 1 1 1 8952 41720 82 1 [33060] 
843.701 33060 1 1 1 1 1 8952 41720 82 1 [33060] 
844.701 33060 1 1 1 1 1 8952 41720 82 1 [33060] 
845.701 33060 1 1 1 1 1 8952 41720 82 1 [33060] 
846.701 33060 1 1 1 1 1 8952 41720 82 1 [33060] 
847.701 33060 1 1 1 1 1 8952 41720 82 1 [33060] 
848.701 33060 1 1 1 1 1 8952 41720 82 1 [33060] 
849.701 33060 1 1 1 1 1 8952 41720 82 1 [33060] 
850.701 33060 1 1 1 1 1 8952 41720 82 1 [33060] 
851.701 33060 1 1 1 1 1 8952 41720 82 1 [33060] 
852.701 33060 1 1 1 1 1 8952 41720 82 1 [33060] 
853.701 33060 1 1 1 1 1 8952 41720 82 1 [33060] 
854.701 65498 0 1 1 1 1 8952 41720 82 0 [] 
855.701 65498 0 1 1 0 0 8952 41720 82 0 [] 
856.701 65498 0 1 1 0 0 8952 41720 82 0 [] 
857.701 33060 1 1 1 0 0 8952 41720 82 1 [33060] 
858.701 33060 1 1 1 0 0 8952 41720 82 1 [33060] 
859.701 33060 1 1 1 0 0 8952 41720 82 1 [33060] 
860.701 33060 1 1 1 0 0 8952 41720 82 1 [33060] 
861.701 33060 1 1 1 0 0 8952 41720 82 1 [33060] 
862.701 33060 1 1 1 0 0 8952 41720 82 1 [33060] 
863.701 33060 1 1 1 0 0 8952 41720 82 1 [33060] 
864.701 33060 1 1 1 0 0 8952 41720 82 1 [33060] 
865.701 33060 1 1 1 0 0 8952 41720 82 1 [33060] 
866.701 33060 1 1 1 0 0 8952 41720 82 1 [33060] 
867.701 33060 1 1 1 0 0 8952 41720 82 1 [33060] 
868.701 33060 1 1 1 0 0 8952 41720 82 1 [33060] 
869.701 33060 1 1 1 0 0 8952 41720 82 1 [33060] 
870.701 33060 1 1 1 0 0 8952 41720 82 1 [33060] 
871.701 33060 1 1 1 0 0 8952 41720 82 1 [33060] 
872.701 33060 1 1 1 0 0 8952 41720 82 1 [33060] 
873.701 33060 1 1 1 0 0 8952 41720 82 1 [33060] 
874.701 33060 1 1 1 0 0 8952 41720 82 1 [33060] 
875.701 33060 1 1 1 0 0 8952 41720 82 1 [33060] 
876.701 33060 1 1 1 0 0 8952 41720 82 1 [33060] 
877.701 33060 1 1 1 0 0 8952 41720 82 1 [33060] 
878.701 33060 1 1 1 0 0 8952 41720 82 1 [33060] 
879.701 33060 1 1 1 0 0 8952 41720 82 1 [33060] 
880.701 33060 1 1 0 0 0 8952 41720 82 1 [33060] 
881.701 33060 1 1 0 0 0 8952 41720 82 1 [33060] 
882.701 33060 1 1 0 0 0 8952 41720 82 1 [33060] 
883.701 33060 1 1 1 0 0 8952 41720 82 1 [33060] 
884.701 33060 1 1 1 0 0 8952 41720 82 1 [33060] 
885.701 33060 1 1 1 0 0 8952 41720 82 1 [33060] 
886.701 33060 1 1 1 0 0 8952 41720 82 1 [33060] 
887.701 33060 1 1 1 0 0 8952 41720 82 1 [33060] 
888.701 33060 1 1 1 0 0 8952 41720 82 1 [33060] 
889.701 33060 1 1 1 0 0 8952 41720 82 1 [33060] 
890.701 33060 1 1 1 0 0 8952 41720 82 1 [33060] 
891.701 33060 1 1 1 0 0 8952 41720 82 1 [33060] 
892.702 33060 1 1 1 0 0 8952 41720 82 1 [33060] 
893.702 33060 1 1 1 0 0 8952 41720 82 1 [33060] 
894.702 33060 1 1 1 0 0 8952 41720 82 1 [33060] 
895.702 33060 1 1 1 0 0 8952 41720 82 1 [33060] 
896.702 33060 1 1 1 0 0 8952 41720 82 1 [33060] 
897.702 33060 1 1 1 0 0 8952 41720 82 1 [33060] 
898.702 33060 1 1 1 0 0 8952 41720 82 1 [33060] 
899.702 33060 1 1 1 0 0 8952 41720 82 1 [33060] 
900.702 33060 1 1 1 0 0 8952 41720 82 1 [33060] 
901.702 33060 1 1 1 0 0 8952 41720 82 1 [33060] 
902.702 33060 1 1 1 0 0 8952 41720 82 1 [33060] 
903.702 33060 1 1 1 0 0 8952 41720 82 1 [33060] 
904.702 33060 1 1 1 0 0 8952 41720 82 1 [33060] 
905.702 33060 1 1 1 0 0 8952 41720 82 1 [33060] 
906.702 33060 1 1 1 0 0 8952 41720 82 1 [33060] 
907.702 33060 1 1 1 0 0 8952 41720 82 1 [33060] 
908.702 33060 1 1 1 0 0 8952 41720 82 1 [33060] 
909.702 33060 1 1 1 0 0 8952 41720 82 1 [33060] 
910.702 33060 1 1 1 0 0 8952 41720 82 1 [33060] 
911.702 33060 1 1 1 0 0 8952 41720 82 1 [33060] 
912.702 33060 1 1 1 0 0 8952 41720 82 1 [33060] 
913.702 33060 1 1 1 0 0 8952 41720 82 1 [33060] 
914.702 33060 1 1 1 0 0 8952 41720 82 1 [33060] 
915.702 33060 1 1 1 0 0 8952 41720 82 1 [33060] 
916.702 33060 1 1 1 0 0 8952 41720 82 1 [33060] 
917.702 33060 1 1 1 0 0 8952 41720 82 1 [33060] 
918.702 33060 1 1 1 0 0 8952 41720 82 1 [33060] 
919.702 33060 1 1 1 0 0 8952 41720 82 1 [33060] 
920.702 33060 1 1 1 0 0 8952 41720 82 1 [33060] 
921.702 33060 1 1 1 0 0 8952 41720 82 1 [33060] 
922.702 33060 1 1 1 0 0 8952 41720 82 1 [33060] 
923.702 33060 1 1 1 0 0 8952 41720 82 1 [33060] 
924.702 33060 1 1 1 0 0 8952 41720 82 1 [33060] 
925.702 33060 1 1 1 0 0 8952 41720 82 1 [33060] 
926.702 33060 1 1 1 0 0 8952 41720 82 1 [33060] 
927.702 33060 1 1 1 0 0 8952 41720 82 1 [33060] 
928.702 33060 1 1 1 0 0 8952 41720 82 1 [33060] 
929.702 33060 1 1 1 0 0 8952 41720 82 1 [33060] 
930.702 33060 1 1 1 0 0 8952 41720 82 1 [33060] 
931.702 33060 1 1 1 0 0 8952 41720 82 1 [33060] 
932.702 33060 1 1 1 0 0 8952 41720 82 1 [33060] 
933.702 33060 1 1 1 0 0 8952 41720 82 1 [33060] 
934.702 33060 1 1 1 0 0 8952 41720 82 1 [33060] 
935.702 33060 1 1 1 0 0 8952 41720 82 1 [33060] 
936.702 33060 1 1 1 0 0 8952 41720 82 1 [33060] 
937.702 33060 1 1 1 0 0 8952 41720 82 1 [33060] 
938.702 33060 1 1 1 0 0 8952 41720 82 1 [33060] 
939.702 33060 1 1 1 0 0 8952 41720 82 1 [33060] 
940.702 33060 1 1 1 0 0 8952 41720 82 1 [33060] 
941.702 33060 1 1 1 0 0 8952 41720 82 1 [33060] 
942.702 33060 1 1 1 0 0 8952 41720 82 1 [33060] 
943.702 33060 1 1 1 0 0 8952 41720 82 1 [33060] 
944.702 33060 1 1 1 0 0 8952 41720 82 1 [33060] 
945.702 33060 1 1 1 0 0 8952 41720 82 1 [33060] 
946.702 33060 1 1 1 0 0 8952 41720 82 1 [33060] 
947.702 33060 1 1 1 0 0 8952 41720 82 1 [33060] 
948.702 33060 1 1 1 0 0 8952 41720 82 1 [33060] 
949.702 33060 1 1 1 0 0 8952 41720 82 1 [33060] 
950.702 33060 1 1 1 0 0 8952 41720 82 1 [33060] 
951.702 33060 1 1 1 0 0 8952 41720 82 1 [33060] 
952.702 33060 1 1 1 0 0 8952 41720 82 1 [33060] 
953.702 33060 1 1 1 0 0 8952 41720 82 1 [33060] 
954.702 33060 1 1 1 0 0 8952 41720 82 1 [33060] 
955.702 33060 1 1 1 0 0 8952 41720 82 1 [33060] 
956.702 33060 1 1 1 0 0 8952 41720 82 1 [33060] 
957.702 33060 1 1 1 0 0 8952 41720 82 1 [33060] 
958.702 33060 1 1 1 0 0 8952 41720 82 1 [33060] 
959.702 33060 1 1 1 0 0 8952 41720 82 1 [33060] 
960.702 33060 1 1 1 0 0 8952 41720 82 1 [33060] 
961.702 33060 1 1 1 0 0 8952 41720 82 1 [33060] 
962.702 33060 1 1 1 0 0 8952 41720 82 1 [33060] 
963.702 33060 1 1 1 0 0 8952 41720 82 1 [33060] 
964.702 33060 1 1 1 0 0 8952 41720 82 1 [33060] 
965.702 33060 1 1 1 0 0 8952 41720 82 1 [33060] 
966.702 33060 1 1 1 0 0 8952 41720 82 1 [33060] 
967.702 33060 1 1 1 0 0 8952 41720 82 1 [33060] 
968.702 33060 1 1 1 0 0 8952 41720 82 1 [33060] 
969.702 33060 1 1 1 0 0 8952 41720 82 1 [33060] 
970.702 33060 1 1 1 0 0 8952 41720 82 1 [33060] 
971.702 33060 1 1 1 0 0 8952 41720 82 1 [33060] 
972.702 33060 1 1 1 0 0 8952 41720 82 1 [33060] 
973.702 33060 1 1 1 0 0 8952 41720 82 1 [33060] 
974.702 33060 1 1 1 0 0 8952 41720 82 1 [33060] 
975.702 33060 1 1 1 0 0 8952 41720 82 1 [33060] 
976.702 33060 1 1 1 0 0 8952 41720 82 1 [33060] 
977.702 33060 1 1 1 0 0 8952 41720 82 1 [33060] 
978.702 33060 1 1 1 0 0 8952 41720 82 1 [33060] 
979.702 33060 1 1 1 0 0 8952 41720 82 1 [33060] 
980.702 33060 1 1 1 0 0 8952 41720 82 1 [33060] 
981.702 33060 1 1 1 0 0 8952 41720 82 1 [33060] 
982.702 33060 1 1 1 0 0 8952 41720 82 1 [33060] 
983.702 33060 1 1 1 0 0 8952 41720 82 1 [33060] 
984.702 33060 1 1 1 0 0 8952 41720 82 1 [33060] 
985.702 33060 1 1 1 0 0 8952 41720 82 1 [33060] 
986.702 33060 1 1 1 0 0 8952 41720 82 1 [33060] 
987.702 33060 1 1 1 0 0 8952 41720 82 1 [33060] 
988.702 33060 1 1 1 0 0 8952 41720 82 1 [33060] 
989.702 33060 1 1 1 0 0 8952 41720 82 1 [33060] 
990.702 33060 1 1 1 0 0 8952 41720 82 1 [33060] 
991.702 33060 1 1 1 0 0 8952 41720 82 1 [33060] 
992.702 33060 1 1 1 0 0 8952 41720 82 1 [33060] 
993.702 33060 1 1 1 0 0 8952 41720 82 1 [33060] 
994.702 33060 1 1 1 0 0 8952 41720 82 1 [33060] 
995.702 33060 1 1 1 0 0 8952 41720 82 1 [33060] 
996.702 33060 1 1 1 0 0 8952 41720 82 1 [33060] 
997.702 33060 1 1 1 0 0 8952 41720 82 1 [33060] 
998.702 33060 1 1 1 0 0 8952 41720 82 1 [33060] 
999.702 33060 1 1 1 0 0 8952 41720 82 1 [33060] 
1000.7 33060 1 1 1 0 0 8952 41720 82 1 [33060] 
1001.7 33060 1 1 1 0 0 8952 41720 82 1 [33060] 
1002.7 33060 1 1 1 0 0 8952 41720 82 1 [33060] 
1003.7 33060 1 1 1 0 0 8952 41720 82 1 [33060] 
1004.7 33060 1 1 1 0 0 8952 41720 82 1 [33060] 
1005.7 33060 1 1 1 0 0 8952 41720 82 1 [33060] 
1006.7 33060 1 1 1 0 0 8952 41720 82 1 [33060] 
1007.7 33060 1 1 1 0 0 8952 41720 82 1 [33060] 
1008.7 33060 1 1 1 0 0 8952 41720 82 1 [33060] 
1009.7 33060 1 1 1 0 0 8952 41720 82 1 [33060] 
1010.7 33060 1 1 1 0 0 8952 41720 82 1 [33060] 
1011.7 33060 1 1 1 0 0 8952 41720 82 1 [33060] 
1012.7 33060 1 1 1 0 0 8952 41720 82 1 [33060] 
1013.7 33060 1 1 1 0 0 8952 41720 82 1 [33060] 
1014.7 33060 1 1 1 0 0 8952 41720 82 1 [33060] 
1015.7 33060 1 1 1 0 0 8952 41720 82 1 [33060] 
1016.7 33060 1 1 1 0 0 8952 41720 82 1 [33060] 
1017.7 33060 1 1 1 0 0 8952 41720 82 1 [33060] 
1018.7 33060 1 1 1 0 0 8952 41720 82 1 [33060] 
1019.7 33060 1 1 1 0 0 8952 41720 82 1 [33060] 
1020.7 33060 1 1 1 0 0 8952 41720 82 1 [33060] 
1021.7 33060 1 1 1 0 0 8952 41720 82 1 [33060] 
1022.7 33060 1 1 1 0 0 8952 41720 82 1 [33060] 
1023.7 33060 1 1 1 0 0 8952 41720 82 1 [33060] 
1024.7 33060 1 1 1 0 0 8952 41720 82 1 [33060] 
1025.7 33060 1 1 1 0 0 8952 41720 82 1 [33060] 
1026.7 33060 1 1 1 0 0 8952 41720 82 1 [33060] 
1027.7 33060 1 1 1 0 0 8952 41720 82 1 [33060] 
1028.7 33060 1 1 1 0 0 8952 41720 82 1 [33060] 
1029.7 33060 1 1 1 0 0 8952 41720 82 1 [33060] 
1030.7 33060 1 1 1 0 0 8952 41720 82 1 [33060] 
1031.7 33060 1 1 1 0 0 8952 41720 82 1 [33060] 
1032.7 33060 1 1 1 0 0 8952 41720 82 1 [33060] 
1033.7 33060 1 1 0 0 0 8952 41720 82 1 [33060] 
1034.7 33060 1 1 0 0 0 8952 41720 82 1 [33060] 
1035.7 33060 1 0 0 0 0 8952 41720 82 2 [33060, 65497] 
1036.72 33060 1 0 0 0 0 8952 41720 82 2 [33060, 65497] 
1037.72 33060 1 0 0 0 0 8952 41720 82 2 [33060, 65497] 
1038.72 33060 1 0 0 0 0 8952 41720 82 2 [33060, 65497] 
1039.72 33060 1 0 0 0 0 8952 41720 82 2 [33060, 65497] 
1040.72 33060 1 0 0 0 0 8952 41720 82 2 [33060, 65497] 
1041.72 33060 1 0 0 0 0 8952 41720 82 2 [33060, 65497] 
1042.72 33060 1 1 0 0 0 8952 41720 82 1 [33060] 
1043.72 33060 1 1 0 0 0 8952 41720 82 1 [33060] 
1044.72 33060 1 1 0 0 0 8952 41720 82 1 [33060] 
1045.72 33060 1 1 0 0 0 8952 41720 82 1 [33060] 
1046.72 33060 1 1 0 0 0 8952 41720 82 1 [33060] 
1047.72 33060 1 1 0 0 0 8952 41720 82 1 [33060] 
1048.72 33060 1 1 0 0 0 8952 41720 82 1 [33060] 
1049.72 33060 1 1 0 0 0 8952 41720 82 1 [33060] 
1050.72 33060 1 1 0 0 0 8952 41720 82 1 [33060] 
1051.72 33060 1 1 0 0 0 8952 41720 82 1 [33060] 
1052.72 33060 1 0 1 0 0 8952 41720 82 2 [33060, 65448] 
1053.72 33060 1 0 1 0 1 8952 41720 82 3 [33060, 33115, 65448] 
1054.72 33060 1 0 1 0 1 8952 41720 82 4 [33060, 33115, 65448, 65499] 
1055.73 33060 1 0 0 0 1 8952 41720 82 6 [33060, 33115, 65448, 65496, 65497, 65499] 
1056.73 33060 1 0 0 0 1 8952 41720 82 6 [33060, 33115, 65448, 65496, 65497, 65499] 
1057.73 33060 1 0 0 0 1 8952 41720 82 6 [33060, 33115, 65448, 65496, 65497, 65499] 
1058.73 33060 1 0 0 0 1 8952 41720 82 6 [33060, 33115, 65448, 65496, 65497, 65499] 
1059.73 33060 2 0 0 0 1 8952 41720 82 5 [33115, 65448, 65496, 65497, 65499] 
1060.74 33060 2 0 0 0 1 8952 41720 82 5 [33115, 65448, 65496, 65497, 65499] 
1061.74 33060 2 0 0 0 1 8952 41720 82 5 [33115, 65448, 65496, 65497, 65499] 
1062.74 33060 2 0 0 0 1 8952 41720 82 4 [33115, 65448, 65497, 65499] 
1063.74 33060 2 0 0 0 1 8952 41720 82 4 [33115, 65448, 65497, 65499] 
1064.74 33060 2 0 0 0 1 8952 41720 82 4 [33115, 65448, 65497, 65499] 
1065.74 33060 2 0 0 0 1 8952 41720 82 4 [33115, 65448, 65497, 65499] 
1066.74 33060 2 0 0 0 1 8952 41720 82 4 [33115, 65448, 65497, 65499] 
1067.74 33060 2 0 0 0 1 8952 41720 82 4 [33115, 65448, 65497, 65499] 
1068.75 33060 2 0 0 0 1 8952 41720 82 4 [33115, 65448, 65497, 65499] 
1069.75 33060 2 0 0 0 1 8952 41720 82 4 [33115, 65448, 65497, 65499] 
1070.75 33060 2 0 0 0 1 8952 41720 82 4 [33115, 65448, 65497, 65499] 
1071.75 33060 2 0 0 0 1 8952 41720 82 4 [33115, 65448, 65497, 65499] 
1072.75 33060 2 0 0 0 1 8952 41720 82 4 [33115, 65448, 65497, 65499] 
1073.76 33060 2 0 0 0 1 8952 41720 82 4 [33115, 65448, 65497, 65499] 
1074.76 33060 3 0 0 0 1 8952 41720 82 4 [33115, 65448, 65497, 65499] 
1075.76 33060 2 0 0 0 1 8952 41720 82 4 [33115, 65448, 65497, 65499] 
1076.76 33060 2 0 0 0 1 8952 41720 82 4 [33115, 65448, 65497, 65499] 
1077.76 33060 2 0 1 0 1 8952 41720 82 4 [33115, 65448, 65497, 65499] 
1078.76 33060 2 0 1 0 1 8952 41720 82 4 [33115, 65448, 65497, 65499] 
1079.77 33060 2 0 1 0 1 8952 41720 82 4 [33115, 65448, 65497, 65499] 
1080.77 33060 2 0 1 0 1 8952 41720 82 4 [33115, 65448, 65497, 65499] 
1081.77 33060 2 0 1 0 1 8952 41720 82 4 [33115, 65448, 65497, 65499] 
1082.77 33060 2 0 1 0 1 8952 41720 82 4 [33115, 65448, 65497, 65499] 
1083.77 33060 2 0 1 0 1 8952 41720 82 4 [33115, 65448, 65497, 65499] 
1084.77 33060 2 0 1 0 1 8952 41720 82 4 [33115, 65448, 65497, 65499] 
1085.77 33060 2 0 1 0 1 8952 41720 82 4 [33115, 65448, 65497, 65499] 
1086.77 33060 2 0 1 0 1 8952 41720 82 4 [33115, 65448, 65497, 65499] 
1087.77 33060 2 0 1 0 1 8952 41720 82 4 [33115, 65448, 65497, 65499] 
1088.77 33060 2 0 1 0 1 8952 41720 82 5 [33115, 65448, 65496, 65497, 65499] 
1089.78 33060 2 0 1 0 1 8952 41720 82 5 [33115, 65448, 65496, 65497, 65499] 
1090.79 33060 2 0 1 0 1 8952 41720 82 5 [33115, 65448, 65496, 65497, 65499] 
1091.79 33060 2 0 1 0 1 8952 41720 82 5 [33115, 65448, 65496, 65497, 65499] 
1092.79 33060 2 0 0 0 1 8952 41720 82 5 [33115, 65448, 65496, 65497, 65499] 
1093.8 33060 2 0 0 0 1 8952 41720 82 5 [33115, 65448, 65496, 65497, 65499] 
1094.81 33060 2 0 0 0 1 8952 41720 82 5 [33115, 65448, 65496, 65497, 65499] 
1095.81 33060 2 0 0 0 1 8952 41720 82 5 [33115, 65448, 65496, 65497, 65499] 
1096.82 33060 2 0 0 0 1 8952 41720 82 5 [33115, 65448, 65496, 65497, 65499] 
1097.82 33060 2 0 1 0 1 8952 41720 82 5 [33115, 65448, 65496, 65497, 65499] 
1098.82 33060 2 0 1 0 1 8952 41720 82 5 [33115, 65448, 65496, 65497, 65499] 
1099.83 33060 2 0 1 0 1 8952 41720 82 5 [33115, 65448, 65496, 65497, 65499] 
1100.84 33060 2 0 1 0 1 8952 41720 82 5 [33115, 65448, 65496, 65497, 65499] 
1101.84 33060 2 0 1 0 1 8952 41720 82 5 [33115, 65448, 65496, 65497, 65499] 
1102.84 33060 2 0 1 0 1 8952 41720 82 5 [33115, 65448, 65496, 65497, 65499] 
1103.84 33060 2 0 1 0 1 8952 41720 82 5 [33115, 65448, 65496, 65497, 65499] 
1104.84 33060 2 0 1 0 1 8952 41720 82 5 [33115, 65448, 65496, 65497, 65499] 
1105.84 33060 2 0 1 0 1 8952 41720 82 5 [33115, 65448, 65496, 65497, 65499] 
1106.85 33060 2 0 1 0 1 8952 41720 82 5 [33115, 65448, 65496, 65497, 65499] 
1107.86 33060 2 0 1 0 1 8952 41720 82 5 [33115, 65448, 65496, 65497, 65499] 
1108.86 33060 2 0 1 0 1 8952 41720 82 5 [33115, 65448, 65496, 65497, 65499] 
1109.86 33060 2 0 1 0 1 8952 41720 82 5 [33115, 65448, 65496, 65497, 65499] 
1110.86 33060 2 0 1 0 1 8952 41720 82 5 [33115, 65448, 65496, 65497, 65499] 
1111.86 33060 2 0 1 0 1 8952 41720 82 5 [33115, 65448, 65496, 65497, 65499] 
1112.86 33060 2 0 1 0 1 8952 41720 82 5 [33115, 65448, 65496, 65497, 65499] 
1113.86 33060 2 0 1 0 1 8952 41720 82 5 [33115, 65448, 65496, 65497, 65499] 
1114.88 33060 2 0 1 0 1 8952 41720 82 5 [33115, 65448, 65496, 65497, 65499] 
1115.88 33060 2 0 1 0 1 8952 41720 82 5 [33115, 65448, 65496, 65497, 65499] 
1116.88 33060 2 0 1 0 1 8952 41720 82 5 [33115, 65448, 65496, 65497, 65499] 
1117.88 33060 2 0 1 0 1 8952 41720 82 5 [33115, 65448, 65496, 65497, 65499] 
1118.88 33060 2 0 1 0 1 8952 41720 82 5 [33115, 65448, 65496, 65497, 65499] 
1119.88 33060 2 0 1 0 1 8952 41720 82 5 [33115, 65448, 65496, 65497, 65499] 
1120.9 33060 2 0 1 0 1 8952 41720 82 5 [33115, 65448, 65496, 65497, 65499] 
1121.9 33060 2 0 1 0 1 8952 41720 82 5 [33115, 65448, 65496, 65497, 65499] 
1122.9 33060 2 0 1 0 1 8952 41720 82 5 [33115, 65448, 65496, 65497, 65499] 
1123.9 33060 2 0 1 0 1 8952 41720 82 5 [33115, 65448, 65496, 65497, 65499] 
1124.9 33060 2 0 1 0 1 8952 41720 82 5 [33115, 65448, 65496, 65497, 65499] 
1125.9 33060 2 0 1 0 1 8952 41720 82 5 [33115, 65448, 65496, 65497, 65499] 
1126.92 33060 2 0 1 0 1 8952 41720 82 5 [33115, 65448, 65496, 65497, 65499] 
1127.92 33060 2 0 1 0 1 8952 41720 82 5 [33115, 65448, 65496, 65497, 65499] 
1128.92 33060 2 0 1 0 1 8952 41720 82 5 [33115, 65448, 65496, 65497, 65499] 
1129.92 33060 2 0 1 0 1 8952 41720 82 5 [33115, 65448, 65496, 65497, 65499] 
1130.92 33060 2 0 1 0 1 8952 41720 82 5 [33115, 65448, 65496, 65497, 65499] 
1131.92 33060 2 0 1 0 1 8952 41720 82 5 [33115, 65448, 65496, 65497, 65499] 
1132.92 33060 2 0 0 0 1 8952 41720 82 5 [33115, 65448, 65496, 65497, 65499] 
1133.93 33060 2 0 0 0 1 8952 41720 82 5 [33115, 65448, 65496, 65497, 65499] 
1134.93 33060 2 0 0 0 1 8952 41720 82 5 [33115, 65448, 65496, 65497, 65499] 
1135.93 33060 2 0 0 0 1 8952 41720 82 5 [33115, 65448, 65496, 65497, 65499] 
1136.93 33060 2 0 0 0 1 8952 41720 82 5 [33115, 65448, 65496, 65497, 65499] 
1137.94 33060 2 0 1 0 1 8952 41720 82 5 [33115, 65448, 65496, 65497, 65499] 
1138.95 33060 2 0 1 0 1 8952 41720 82 5 [33115, 65448, 65496, 65497, 65499] 
1139.95 33060 2 0 1 0 1 8952 41720 82 5 [33115, 65448, 65496, 65497, 65499] 
1140.95 33060 2 0 1 0 1 8952 41720 82 5 [33115, 65448, 65496, 65497, 65499] 
1141.95 33060 2 0 1 0 1 8952 41720 82 5 [33115, 65448, 65496, 65497, 65499] 
1142.95 33060 2 0 1 0 1 8952 41720 82 5 [33115, 65448, 65496, 65497, 65499] 
1143.96 33060 2 0 1 0 1 8952 41720 82 5 [33115, 65448, 65496, 65497, 65499] 
1144.96 33060 2 0 1 0 1 8952 41720 82 5 [33115, 65448, 65496, 65497, 65499] 
1145.96 33060 2 0 1 0 1 8952 41720 82 5 [33115, 65448, 65496, 65497, 65499] 
1146.96 33060 2 0 1 0 1 8952 41720 82 5 [33115, 65448, 65496, 65497, 65499] 
1147.96 33060 2 0 1 0 1 8952 41720 82 5 [33115, 65448, 65496, 65497, 65499] 
1148.96 33060 2 0 1 0 1 8952 41720 82 5 [33115, 65448, 65496, 65497, 65499] 
1149.97 33060 2 0 1 0 1 8952 41720 82 5 [33115, 65448, 65496, 65497, 65499] 
1150.97 33060 2 0 1 0 1 8952 41720 82 5 [33115, 65448, 65496, 65497, 65499] 
1151.98 33060 2 0 1 0 1 8952 41720 82 5 [33115, 65448, 65496, 65497, 65499] 
1152.99 33060 2 0 1 0 1 8952 41720 82 5 [33115, 65448, 65496, 65497, 65499] 
1153.99 33060 2 0 1 0 1 8952 41720 82 5 [33115, 65448, 65496, 65497, 65499] 
1154.99 33060 2 0 1 0 1 8952 41720 82 5 [33115, 65448, 65496, 65497, 65499] 
1155.99 33060 2 0 1 0 1 8952 41720 82 5 [33115, 65448, 65496, 65497, 65499] 
1157 33060 2 0 1 0 1 8952 41720 82 6 [33115, 65448, 65449, 65496, 65497, 65499] 
1158.02 33060 2 0 1 0 1 8952 41720 82 6 [33115, 65448, 65449, 65496, 65497, 65499] 
1159.02 33060 2 0 1 0 1 8952 41720 82 6 [33115, 65448, 65449, 65496, 65497, 65499] 
1160.04 33060 2 0 1 0 1 8952 41720 82 6 [33115, 65448, 65449, 65496, 65497, 65499] 
1161.04 33060 2 0 1 0 1 8952 41720 82 6 [33115, 65448, 65449, 65496, 65497, 65499] 
1162.04 33060 2 0 1 0 1 8952 41720 82 6 [33115, 65448, 65449, 65496, 65497, 65499] 
1163.04 33060 2 0 1 0 1 8952 41720 82 6 [33115, 65448, 65449, 65496, 65497, 65499] 
1164.05 33060 2 0 1 0 1 8952 41720 82 6 [33115, 65448, 65449, 65496, 65497, 65499] 
1165.05 33060 2 0 1 0 1 8952 41720 82 6 [33115, 65448, 65449, 65496, 65497, 65499] 
1166.05 33060 2 0 1 0 1 8952 41720 82 6 [33115, 65448, 65449, 65496, 65497, 65499] 
1167.06 33060 2 0 1 0 1 8952 41720 82 6 [33115, 65448, 65449, 65496, 65497, 65499] 
1168.06 33060 2 0 1 0 1 8952 41720 82 6 [33115, 65448, 65449, 65496, 65497, 65499] 
1169.06 33060 2 0 0 0 1 8952 41720 82 6 [33115, 65448, 65449, 65496, 65497, 65499] 
1170.07 33060 2 0 0 0 1 8952 41720 82 6 [33115, 65448, 65449, 65496, 65497, 65499] 
1171.09 33060 2 0 0 0 1 8952 41720 82 6 [33115, 65448, 65449, 65496, 65497, 65499] 
1172.09 33060 2 0 0 0 1 8952 41720 82 6 [33115, 65448, 65449, 65496, 65497, 65499] 
1173.09 33060 2 0 0 0 1 8952 41720 82 6 [33115, 65448, 65449, 65496, 65497, 65499] 
1174.1 33060 2 0 0 0 1 8952 41720 82 6 [33115, 65448, 65449, 65496, 65497, 65499] 
1175.11 33060 2 0 0 0 1 8952 41720 82 6 [33115, 65448, 65449, 65496, 65497, 65499] 
1176.11 33060 1 0 0 0 1 8952 41720 82 7 [33060, 33115, 65448, 65449, 65496, 65497, 65499] 
1177.14 33060 1 0 0 0 1 8952 41720 82 7 [33060, 33115, 65448, 65449, 65496, 65497, 65499] 
1178.14 33060 1 0 0 0 1 8952 41720 82 7 [33060, 33115, 65448, 65449, 65496, 65497, 65499] 
1179.16 33060 1 0 0 0 1 8952 41720 82 7 [33060, 33115, 65448, 65449, 65496, 65497, 65499] 
1180.16 33060 1 0 0 0 1 8952 41720 82 7 [33060, 33115, 65448, 65449, 65496, 65497, 65499] 
1181.17 33060 1 0 0 0 1 8952 41720 82 7 [33060, 33115, 65448, 65449, 65496, 65497, 65499] 
1182.2 33060 1 0 0 0 1 8952 41720 82 7 [33060, 33115, 65448, 65449, 65496, 65497, 65499] 
1183.2 33060 1 0 0 0 1 8952 41720 82 7 [33060, 33115, 65448, 65449, 65496, 65497, 65499] 
1184.21 33060 1 0 0 0 1 8952 41720 82 7 [33060, 33115, 65448, 65449, 65496, 65497, 65499] 
1185.21 33060 1 0 0 0 1 8952 41720 82 7 [33060, 33115, 65448, 65449, 65496, 65497, 65499] 
1186.25 33060 1 0 0 0 1 8952 41720 82 7 [33060, 33115, 65448, 65449, 65496, 65497, 65499] 
1187.25 33060 1 0 0 0 1 8952 41720 82 7 [33060, 33115, 65448, 65449, 65496, 65497, 65499] 
1188.25 33060 1 0 0 0 1 8952 41720 82 7 [33060, 33115, 65448, 65449, 65496, 65497, 65499] 
1189.26 33060 1 0 0 0 1 8952 41720 82 7 [33060, 33115, 65448, 65449, 65496, 65497, 65499] 
1190.26 33060 1 0 0 0 1 8952 41720 82 7 [33060, 33115, 65448, 65449, 65496, 65497, 65499] 
1191.3 33060 1 0 0 0 1 8952 41720 82 7 [33060, 33115, 65448, 65449, 65496, 65497, 65499] 
1192.3 33060 1 0 0 0 1 8952 41720 82 7 [33060, 33115, 65448, 65449, 65496, 65497, 65499] 
1193.3 33060 1 0 0 0 1 8952 41720 82 7 [33060, 33115, 65448, 65449, 65496, 65497, 65499] 
1194.33 33060 1 0 0 0 1 8952 41720 82 7 [33060, 33115, 65448, 65449, 65496, 65497, 65499] 
1195.34 33060 1 0 0 0 1 8952 41720 82 7 [33060, 33115, 65448, 65449, 65496, 65497, 65499] 
1196.34 33060 1 0 0 0 1 8952 41720 82 7 [33060, 33115, 65448, 65449, 65496, 65497, 65499] 
1197.34 33060 1 0 0 0 1 8952 41720 82 7 [33060, 33115, 65448, 65449, 65496, 65497, 65499] 
1198.36 33060 1 0 0 0 1 8952 41720 82 7 [33060, 33115, 65448, 65449, 65496, 65497, 65499] 
1199.37 33060 1 0 0 0 1 8952 41720 82 7 [33060, 33115, 65448, 65449, 65496, 65497, 65499] 
1200.37 33060 1 0 0 0 1 8952 41720 82 7 [33060, 33115, 65448, 65449, 65496, 65497, 65499] 
1201.37 33060 1 0 0 0 1 8952 41720 82 7 [33060, 33115, 65448, 65449, 65496, 65497, 65499] 
1202.37 33060 1 0 0 0 1 8952 41720 82 7 [33060, 33115, 65448, 65449, 65496, 65497, 65499] 
1203.37 33060 1 0 0 0 1 8952 41720 82 7 [33060, 33115, 65448, 65449, 65496, 65497, 65499] 
1204.37 33060 1 0 0 0 1 8952 41720 82 7 [33060, 33115, 65448, 65449, 65496, 65497, 65499] 
1205.38 33060 1 0 0 0 1 8952 41720 82 7 [33060, 33115, 65448, 65449, 65496, 65497, 65499] 
1206.4 33060 1 0 0 0 1 8952 41720 82 7 [33060, 33115, 65448, 65449, 65496, 65497, 65499] 
1207.4 33060 1 0 0 0 1 8952 41720 82 7 [33060, 33115, 65448, 65449, 65496, 65497, 65499] 
1208.42 33060 1 0 0 0 1 8952 41720 82 7 [33060, 33115, 65448, 65449, 65496, 65497, 65499] 
1209.42 33060 1 0 0 0 1 8952 41720 82 7 [33060, 33115, 65448, 65449, 65496, 65497, 65499] 
1210.42 33060 1 0 0 0 1 8952 41720 82 6 [33060, 65448, 65449, 65496, 65497, 65499] 
1211.43 33060 1 0 0 0 1 8952 41720 82 6 [33060, 65448, 65449, 65496, 65497, 65499] 
1212.44 33060 1 0 0 0 1 8952 41720 82 6 [33060, 65448, 65449, 65496, 65497, 65499] 
1213.44 33060 1 0 0 0 1 8952 41720 82 6 [33060, 65448, 65449, 65496, 65497, 65499] 
1214.44 33060 1 0 0 0 1 8952 41720 82 6 [33060, 65448, 65449, 65496, 65497, 65499] 
1215.44 33060 1 0 0 0 1 8952 41720 82 6 [33060, 65448, 65449, 65496, 65497, 65499] 
1216.45 33060 1 0 0 0 1 8952 41720 82 6 [33060, 65448, 65449, 65496, 65497, 65499] 
1217.46 33060 1 0 0 0 1 8952 41720 82 6 [33060, 65448, 65449, 65496, 65497, 65499] 
1218.47 33060 1 0 0 0 1 8952 41720 82 6 [33060, 65448, 65449, 65496, 65497, 65499] 
1219.47 33060 1 0 0 0 1 8952 41720 82 6 [33060, 65448, 65449, 65496, 65497, 65499] 
1220.48 33060 1 0 0 0 1 8952 41720 82 6 [33060, 65448, 65449, 65496, 65497, 65499] 
1221.48 33060 1 0 0 0 1 8952 41720 82 6 [33060, 65448, 65449, 65496, 65497, 65499] 
1222.49 33060 1 0 0 0 1 8952 41720 82 6 [33060, 65448, 65449, 65496, 65497, 65499] 
1223.49 33060 1 0 0 0 1 8952 41720 82 6 [33060, 65448, 65449, 65496, 65497, 65499] 
1224.5 33060 1 0 0 0 1 8952 41720 82 6 [33060, 65448, 65449, 65496, 65497, 65499] 
1225.5 33060 1 0 0 0 1 8952 41720 82 6 [33060, 65448, 65449, 65496, 65497, 65499] 
1226.5 33060 1 0 0 0 1 8952 41720 82 6 [33060, 65448, 65449, 65496, 65497, 65499] 
1227.51 33060 1 0 0 0 1 8952 41720 82 6 [33060, 65448, 65449, 65496, 65497, 65499] 
1228.51 33060 1 0 0 0 1 8952 41720 82 6 [33060, 65448, 65449, 65496, 65497, 65499] 
1229.52 33060 1 0 0 0 1 8952 41720 82 6 [33060, 65448, 65449, 65496, 65497, 65499] 
1230.52 33060 1 0 0 0 1 8952 41720 82 6 [33060, 65448, 65449, 65496, 65497, 65499] 
1231.52 33060 1 0 0 0 1 8952 41720 82 6 [33060, 65448, 65449, 65496, 65497, 65499] 
1232.52 33060 1 0 0 0 1 8952 41720 82 6 [33060, 65448, 65449, 65496, 65497, 65499] 
1233.52 33060 1 0 0 0 1 8952 41720 82 6 [33060, 65448, 65449, 65496, 65497, 65499] 
1234.52 33060 1 0 0 0 1 8952 41720 82 6 [33060, 65448, 65449, 65496, 65497, 65499] 
1235.53 33060 1 0 0 0 1 8952 41720 82 6 [33060, 65448, 65449, 65496, 65497, 65499] 
1236.53 33060 1 0 0 0 1 8952 41720 82 6 [33060, 65448, 65449, 65496, 65497, 65499] 
1237.54 33060 1 0 0 0 1 8952 41720 82 6 [33060, 65448, 65449, 65496, 65497, 65499] 
1238.54 33060 1 0 0 0 1 8952 41720 82 6 [33060, 65448, 65449, 65496, 65497, 65499] 
1239.54 33060 1 0 0 0 1 8952 41720 82 6 [33060, 65448, 65449, 65496, 65497, 65499] 
1240.54 33060 1 0 0 0 1 8952 41720 82 6 [33060, 65448, 65449, 65496, 65497, 65499] 
1241.54 33060 1 0 0 0 1 8952 41720 82 6 [33060, 65448, 65449, 65496, 65497, 65499] 
1242.55 33060 1 0 0 0 1 8952 41720 82 6 [33060, 65448, 65449, 65496, 65497, 65499] 
1243.55 33060 1 0 0 0 1 8952 41720 82 6 [33060, 65448, 65449, 65496, 65497, 65499] 
1244.55 33060 1 0 0 0 1 8952 41720 82 6 [33060, 65448, 65449, 65496, 65497, 65499] 
1245.55 33060 1 0 0 0 1 8952 41720 82 6 [33060, 65448, 65449, 65496, 65497, 65499] 
1246.57 33060 1 0 0 0 1 8952 41720 82 6 [33060, 65448, 65449, 65496, 65497, 65499] 
1247.57 33060 1 0 0 0 1 8952 41720 82 6 [33060, 65448, 65449, 65496, 65497, 65499] 
1248.57 33060 1 0 0 0 1 8952 41720 82 6 [33060, 65448, 65449, 65496, 65497, 65499] 
1249.57 33060 1 0 0 0 1 8952 41720 82 6 [33060, 65448, 65449, 65496, 65497, 65499] 
1250.58 33060 1 0 0 0 1 8952 41720 82 6 [33060, 65448, 65449, 65496, 65497, 65499] 
1251.59 33060 1 0 0 0 1 8952 41720 82 6 [33060, 65448, 65449, 65496, 65497, 65499] 
1252.59 33060 1 0 0 0 1 8952 41720 82 6 [33060, 65448, 65449, 65496, 65497, 65499] 
1253.61 33060 1 0 0 0 1 8952 41720 82 6 [33060, 65448, 65449, 65496, 65497, 65499] 
1254.61 33060 1 0 0 0 1 8952 41720 82 6 [33060, 65448, 65449, 65496, 65497, 65499] 
1255.62 33060 1 0 0 0 1 8952 41720 82 6 [33060, 65448, 65449, 65496, 65497, 65499] 
1256.62 33060 1 0 0 0 1 8952 41720 82 6 [33060, 65448, 65449, 65496, 65497, 65499] 
1257.65 33060 1 0 0 0 1 8952 41720 82 6 [33060, 65448, 65449, 65496, 65497, 65499] 
1258.65 33060 1 0 0 0 1 8952 41720 82 6 [33060, 65448, 65449, 65496, 65497, 65499] 
1259.65 33060 1 0 0 0 1 8952 41720 82 6 [33060, 65448, 65449, 65496, 65497, 65499] 
1260.65 33060 1 0 0 0 1 8952 41720 82 6 [33060, 65448, 65449, 65496, 65497, 65499] 
1261.66 33060 1 0 0 0 1 8952 41720 82 6 [33060, 65448, 65449, 65496, 65497, 65499] 
1262.66 33060 1 0 0 0 1 8952 41720 82 6 [33060, 65448, 65449, 65496, 65497, 65499] 
1263.66 33060 1 0 0 0 1 8952 41720 82 6 [33060, 65448, 65449, 65496, 65497, 65499] 
1264.66 33060 1 0 0 0 1 8952 41720 82 6 [33060, 65448, 65449, 65496, 65497, 65499] 
1265.68 33060 1 0 0 0 1 8952 41720 82 6 [33060, 65448, 65449, 65496, 65497, 65499] 
1266.68 33060 1 0 0 0 1 8952 41720 82 6 [33060, 65448, 65449, 65496, 65497, 65499] 
1267.68 33060 1 0 0 0 1 8952 41720 82 6 [33060, 65448, 65449, 65496, 65497, 65499] 
1268.68 33060 1 0 0 0 1 8952 41720 82 6 [33060, 65448, 65449, 65496, 65497, 65499] 
1269.68 33060 1 0 0 0 1 8952 41720 82 6 [33060, 65448, 65449, 65496, 65497, 65499] 
1270.68 33060 1 0 0 0 0 8952 41720 82 6 [33060, 65448, 65449, 65496, 65497, 65499] 
1271.68 33060 1 0 0 0 0 8952 41720 82 6 [33060, 65448, 65449, 65496, 65497, 65499] 
1272.68 33060 1 0 0 0 0 8952 41720 82 6 [33060, 65448, 65449, 65496, 65497, 65499] 
1273.7 33060 1 0 0 0 0 8952 41720 82 6 [33060, 65448, 65449, 65496, 65497, 65499] 
1274.7 33060 1 0 0 0 0 8952 41720 82 6 [33060, 65448, 65449, 65496, 65497, 65499] 
1275.7 33060 1 0 0 0 0 8952 41720 82 6 [33060, 65448, 65449, 65496, 65497, 65499] 
1276.7 33060 1 0 0 0 0 8952 41720 82 6 [33060, 65448, 65449, 65496, 65497, 65499] 
1277.7 33060 1 0 0 0 0 8952 41720 82 6 [33060, 65448, 65449, 65496, 65497, 65499] 
1278.71 33060 1 0 0 0 1 8952 41720 82 6 [33060, 65448, 65449, 65496, 65497, 65499] 
1279.71 33060 1 0 0 0 1 8952 41720 88 6 [33060, 65448, 65449, 65496, 65497, 65499] 
1280.73 33060 1 0 0 0 1 8952 41720 88 6 [33060, 65448, 65449, 65496, 65497, 65499] 
1281.73 33060 1 0 0 0 1 8952 41720 88 6 [33060, 65448, 65449, 65496, 65497, 65499] 
1282.73 33060 1 0 0 0 1 8952 41720 88 6 [33060, 65448, 65449, 65496, 65497, 65499] 
1283.73 33060 1 0 0 0 1 8952 41720 88 6 [33060, 65448, 65449, 65496, 65497, 65499] 
1284.73 33060 1 0 0 0 1 8952 41720 88 6 [33060, 65448, 65449, 65496, 65497, 65499] 
1285.73 33060 1 0 0 0 1 8952 41720 88 6 [33060, 65448, 65449, 65496, 65497, 65499] 
1286.73 33060 2 0 0 0 1 8952 41720 88 5 [65448, 65449, 65496, 65497, 65499] 
1287.74 33060 3 0 0 0 1 8952 41720 88 5 [65448, 65449, 65496, 65497, 65499] 
1288.74 33060 4 0 0 0 1 8952 41720 88 5 [65448, 65449, 65496, 65497, 65499] 
1289.74 33060 5 0 0 0 1 8952 41720 88 5 [65448, 65449, 65496, 65497, 65499] 
1290.74 33060 6 0 0 0 1 8952 41720 88 5 [65448, 65449, 65496, 65497, 65499] 
1291.76 33060 7 0 0 0 1 8952 41720 88 5 [65448, 65449, 65496, 65497, 65499] 
1292.76 33060 8 0 0 0 1 8952 41720 88 5 [65448, 65449, 65496, 65497, 65499] 
1293.76 33060 9 0 0 0 1 8952 41720 88 5 [65448, 65449, 65496, 65497, 65499] 
1294.77 33060 10 0 0 0 1 8952 41720 88 5 [65448, 65449, 65496, 65497, 65499] 
1295.78 65448 1 0 0 0 1 8952 41720 88 5 [65448, 65449, 65496, 65497, 65499] 
1296.78 65448 1 0 0 0 1 8952 41720 88 5 [65448, 65449, 65496, 65497, 65499] 
1297.79 65448 1 0 0 0 1 8952 41720 88 5 [65448, 65449, 65496, 65497, 65499] 
1298.8 65448 1 0 0 0 1 8952 41720 88 5 [65448, 65449, 65496, 65497, 65499] 
1299.8 65448 1 0 0 0 1 8952 41720 88 5 [65448, 65449, 65496, 65497, 65499] 
1300.81 65448 1 0 0 0 1 8952 41720 88 5 [65448, 65449, 65496, 65497, 65499] 
1301.81 65448 1 0 0 0 1 8952 41720 88 5 [65448, 65449, 65496, 65497, 65499] 
1302.81 65448 1 0 0 0 1 8952 41720 88 5 [65448, 65449, 65496, 65497, 65499] 
1303.81 65448 1 0 0 0 1 8952 41720 88 5 [65448, 65449, 65496, 65497, 65499] 
1304.83 65448 1 0 0 0 1 8952 41720 88 5 [65448, 65449, 65496, 65497, 65499] 
1305.83 65448 1 0 0 0 1 8952 41720 88 5 [65448, 65449, 65496, 65497, 65499] 
1306.83 65448 1 0 0 0 1 8952 41720 88 5 [65448, 65449, 65496, 65497, 65499] 
1307.83 65448 1 0 0 0 1 8952 41720 88 5 [65448, 65449, 65496, 65497, 65499] 
1308.83 65448 1 0 0 0 1 8952 41720 88 5 [65448, 65449, 65496, 65497, 65499] 
1309.83 65448 1 0 0 0 1 8952 41720 88 5 [65448, 65449, 65496, 65497, 65499] 
1310.84 65448 1 0 0 0 1 8952 41720 88 5 [65448, 65449, 65496, 65497, 65499] 
1311.86 65448 1 0 0 0 1 8952 41720 88 5 [65448, 65449, 65496, 65497, 65499] 
1312.86 65448 1 0 0 0 1 8952 41720 88 5 [65448, 65449, 65496, 65497, 65499] 
1313.86 65448 1 0 0 0 1 8952 41720 88 5 [65448, 65449, 65496, 65497, 65499] 
1314.87 65448 1 0 0 0 1 8952 41720 88 5 [65448, 65449, 65496, 65497, 65499] 
1315.87 65448 1 0 0 0 1 8952 41720 88 5 [65448, 65449, 65496, 65497, 65499] 
1316.87 65448 1 0 0 0 1 8952 41720 88 5 [65448, 65449, 65496, 65497, 65499] 
1317.87 65448 1 0 0 0 1 8952 41720 88 5 [65448, 65449, 65496, 65497, 65499] 
1318.87 65448 1 0 0 0 1 8952 41720 88 5 [65448, 65449, 65496, 65497, 65499] 
1319.89 65448 1 0 0 0 1 8952 41720 88 5 [65448, 65449, 65496, 65497, 65499] 
1320.89 65448 1 0 0 0 1 8952 41720 88 5 [65448, 65449, 65496, 65497, 65499] 
1321.89 65448 1 0 0 0 1 8952 41720 88 5 [65448, 65449, 65496, 65497, 65499] 
1322.89 65448 1 0 0 0 1 8952 41720 88 5 [65448, 65449, 65496, 65497, 65499] 
1323.89 65448 1 0 0 0 1 8952 41720 88 5 [65448, 65449, 65496, 65497, 65499] 
1324.89 65448 1 0 0 0 1 8952 41720 88 5 [65448, 65449, 65496, 65497, 65499] 
1325.91 65448 1 0 0 0 1 8952 41720 88 5 [65448, 65449, 65496, 65497, 65499] 
1326.91 65448 1 0 0 0 1 8952 41720 88 5 [65448, 65449, 65496, 65497, 65499] 
1327.91 65448 1 0 0 0 1 8952 41720 88 5 [65448, 65449, 65496, 65497, 65499] 
1328.92 65448 1 0 0 0 1 8952 41720 88 5 [65448, 65449, 65496, 65497, 65499] 
1329.92 65448 1 0 0 0 1 8952 41720 88 5 [65448, 65449, 65496, 65497, 65499] 
1330.92 65448 1 0 0 0 1 8952 41720 88 4 [65448, 65496, 65497, 65499] 
1331.92 65448 1 0 0 0 1 8952 41720 88 4 [65448, 65496, 65497, 65499] 
1332.92 65448 1 0 0 0 1 8952 41720 88 4 [65448, 65496, 65497, 65499] 
1333.93 65448 1 0 0 0 1 8952 41720 88 4 [65448, 65496, 65497, 65499] 
1334.93 65448 1 0 0 0 1 8952 41720 88 4 [65448, 65496, 65497, 65499] 
1335.93 65448 1 0 0 0 1 8952 41720 88 4 [65448, 65496, 65497, 65499] 
1336.93 65448 1 0 0 0 1 8952 41720 88 4 [65448, 65496, 65497, 65499] 
1337.93 65448 1 0 0 0 1 8952 41720 88 4 [65448, 65496, 65497, 65499] 
1338.93 65448 1 0 0 0 1 8952 41720 88 4 [65448, 65496, 65497, 65499] 
1339.93 65448 1 0 0 0 1 8952 41720 88 4 [65448, 65496, 65497, 65499] 
1340.93 65448 1 0 0 0 1 8952 41720 88 4 [65448, 65496, 65497, 65499] 
1341.93 65448 1 0 0 0 1 8952 41720 88 4 [65448, 65496, 65497, 65499] 
1342.94 65448 1 0 0 0 1 8952 41720 88 4 [65448, 65496, 65497, 65499] 
1343.95 65448 1 0 0 0 1 8952 41720 88 4 [65448, 65496, 65497, 65499] 
1344.95 65448 1 0 0 0 1 8952 41720 88 4 [65448, 65496, 65497, 65499] 
1345.95 65448 1 0 0 0 1 8952 41720 88 4 [65448, 65496, 65497, 65499] 
1346.96 65448 1 0 0 0 0 8952 41720 88 4 [65448, 65496, 65497, 65499] 
1347.96 65448 1 0 0 0 0 8952 41720 88 4 [65448, 65496, 65497, 65499] 
1348.96 65448 1 0 0 0 0 8952 41720 88 4 [65448, 65496, 65497, 65499] 
1349.96 65448 1 0 0 0 0 8952 41720 88 4 [65448, 65496, 65497, 65499] 
1350.97 65448 1 0 0 0 0 8952 41720 88 4 [65448, 65496, 65497, 65499] 
1351.97 65448 1 0 0 0 0 8952 41720 88 4 [65448, 65496, 65497, 65499] 
1352.97 65448 1 0 0 0 0 8952 41720 88 4 [65448, 65496, 65497, 65499] 
1353.97 65448 1 0 0 0 0 8952 41720 88 4 [65448, 65496, 65497, 65499] 
1354.97 65448 1 0 0 0 0 8952 41720 88 4 [65448, 65496, 65497, 65499] 
1355.97 65448 1 0 0 0 0 8952 41720 88 4 [65448, 65496, 65497, 65499] 
1356.97 65448 1 0 0 0 0 8952 41720 88 4 [65448, 65496, 65497, 65499] 
1357.97 65448 1 0 0 0 0 8952 41720 88 4 [65448, 65496, 65497, 65499] 
1358.97 65448 1 0 0 0 0 8952 41720 88 4 [65448, 65496, 65497, 65499] 
1359.97 65448 1 0 0 0 0 8952 41720 88 4 [65448, 65496, 65497, 65499] 
1360.98 65448 1 0 0 0 0 8952 41720 88 4 [65448, 65496, 65497, 65499] 
1361.98 65448 1 0 0 0 0 8952 41720 88 4 [65448, 65496, 65497, 65499] 
1362.98 65448 1 0 0 0 0 8952 41720 88 4 [65448, 65496, 65497, 65499] 
1363.99 65448 1 0 0 0 0 8952 41720 88 4 [65448, 65496, 65497, 65499] 
1364.99 65448 1 0 0 0 0 8952 41720 88 4 [65448, 65496, 65497, 65499] 
1365.99 65448 1 0 0 0 0 8952 41720 88 4 [65448, 65496, 65497, 65499] 
1366.99 65448 1 0 0 0 0 8952 41720 88 4 [65448, 65496, 65497, 65499] 
1367.99 65448 1 0 0 0 0 8952 41720 88 4 [65448, 65496, 65497, 65499] 
1368.99 65448 1 0 0 0 0 8952 41720 88 4 [65448, 65496, 65497, 65499] 
1369.99 65448 1 0 0 0 0 8952 41720 88 4 [65448, 65496, 65497, 65499] 
1370.99 65448 1 0 0 0 0 8952 41720 88 4 [65448, 65496, 65497, 65499] 
1371.99 65448 1 0 0 0 0 8952 41720 88 4 [65448, 65496, 65497, 65499] 
1372.99 65448 1 0 0 0 0 8952 41720 88 4 [65448, 65496, 65497, 65499] 
1373.99 65448 1 0 0 0 0 8952 41720 88 4 [65448, 65496, 65497, 65499] 
1375 65448 1 0 0 0 0 8952 41720 88 4 [65448, 65496, 65497, 65499] 
1376 65448 1 0 0 0 0 8952 41720 88 4 [65448, 65496, 65497, 65499] 
1377 65448 1 0 0 0 0 8952 41720 88 4 [65448, 65496, 65497, 65499] 
1378 65448 1 0 0 0 0 8952 41720 88 4 [65448, 65496, 65497, 65499] 
1379 65448 1 0 0 0 0 8952 41720 88 4 [65448, 65496, 65497, 65499] 
1380 65448 1 0 0 0 0 8952 41720 88 4 [65448, 65496, 65497, 65499] 
1381 65448 1 0 0 0 0 8952 41720 88 4 [65448, 65496, 65497, 65499] 
1382 65448 1 0 0 0 0 8952 41720 88 4 [65448, 65496, 65497, 65499] 
1383 65448 1 0 0 0 0 8952 41720 88 4 [65448, 65496, 65497, 65499] 
1384 65448 1 0 0 0 0 8952 41720 88 4 [65448, 65496, 65497, 65499] 
1385 65448 1 0 0 0 0 8952 41720 88 4 [65448, 65496, 65497, 65499] 
1386 65448 1 0 0 0 0 8952 41720 88 4 [65448, 65496, 65497, 65499] 
1387 65448 1 0 0 0 0 8952 41720 88 4 [65448, 65496, 65497, 65499] 
1388 65448 1 0 0 0 0 8952 41720 88 4 [65448, 65496, 65497, 65499] 
1389 65448 1 0 0 0 0 8952 41720 88 4 [65448, 65496, 65497, 65499] 
1390 65448 1 0 0 0 0 8952 41720 88 4 [65448, 65496, 65497, 65499] 
1391 65448 1 0 0 0 0 8952 41720 88 4 [65448, 65496, 65497, 65499] 
1392 65448 1 0 0 0 0 8952 41720 88 4 [65448, 65496, 65497, 65499] 
1393.01 65448 1 0 0 0 0 8952 41720 88 4 [65448, 65496, 65497, 65499] 
1394.01 65448 1 0 0 0 0 8952 41720 88 4 [65448, 65496, 65497, 65499] 
1395.01 65448 1 0 0 0 0 8952 41720 88 4 [65448, 65496, 65497, 65499] 
1396.02 65448 1 0 0 0 0 8952 41720 88 4 [65448, 65496, 65497, 65499] 
1397.02 65448 1 0 0 0 0 8952 41720 88 4 [65448, 65496, 65497, 65499] 
1398.02 65448 1 0 0 0 0 8952 41720 88 4 [65448, 65496, 65497, 65499] 
1399.03 65448 1 0 0 0 0 8952 41720 88 4 [65448, 65496, 65497, 65499] 
1400.03 65448 1 0 0 0 0 8952 41720 88 4 [65448, 65496, 65497, 65499] 
1401.03 65448 1 0 0 0 0 8952 41720 88 4 [65448, 65496, 65497, 65499] 
1402.03 65448 1 0 0 0 0 8952 41720 88 4 [65448, 65496, 65497, 65499] 
1403.04 65448 1 0 0 0 0 8952 41720 88 4 [65448, 65496, 65497, 65499] 
1404.04 65448 1 0 0 0 0 8952 41720 88 4 [65448, 65496, 65497, 65499] 
1405.06 65448 1 0 0 0 0 8952 41720 88 4 [65448, 65496, 65497, 65499] 
1406.06 65448 1 0 0 0 0 8952 41720 88 4 [65448, 65496, 65497, 65499] 
1407.06 65448 1 0 0 0 0 8952 41720 88 4 [65448, 65496, 65497, 65499] 
1408.06 65448 1 0 0 0 0 8952 41720 88 4 [65448, 65496, 65497, 65499] 
1409.06 65448 1 0 0 0 0 8952 41720 88 4 [65448, 65496, 65497, 65499] 
1410.06 65448 1 0 0 0 0 8952 41720 88 4 [65448, 65496, 65497, 65499] 
1411.07 65448 1 0 0 0 0 8952 41720 88 4 [65448, 65496, 65497, 65499] 
1412.07 65448 1 0 0 0 0 8952 41720 88 4 [65448, 65496, 65497, 65499] 
1413.07 65448 1 0 0 0 0 8952 41720 88 4 [65448, 65496, 65497, 65499] 
1414.07 65448 1 0 0 0 0 8952 41720 88 4 [65448, 65496, 65497, 65499] 
1415.07 65448 1 0 0 0 0 8952 41720 88 4 [65448, 65496, 65497, 65499] 
1416.07 65448 1 0 0 0 0 8952 41720 88 4 [65448, 65496, 65497, 65499] 
1417.07 65448 1 0 0 0 0 8952 41720 88 4 [65448, 65496, 65497, 65499] 
1418.08 65448 1 0 0 0 0 8952 41720 88 4 [65448, 65496, 65497, 65499] 
1419.08 65448 1 0 0 0 0 8952 41720 88 4 [65448, 65496, 65497, 65499] 
1420.08 65448 1 0 0 0 0 8952 41720 88 4 [65448, 65496, 65497, 65499] 
1421.08 65448 1 0 0 0 0 8952 41720 88 4 [65448, 65496, 65497, 65499] 
1422.08 65448 1 0 0 0 0 8952 41720 88 4 [65448, 65496, 65497, 65499] 
1423.09 65448 1 0 0 0 0 8952 41720 88 4 [65448, 65496, 65497, 65499] 
1424.09 65448 1 0 0 0 0 8952 41720 88 4 [65448, 65496, 65497, 65499] 
1425.09 65448 1 0 0 0 0 8952 41720 88 4 [65448, 65496, 65497, 65499] 
1426.09 65448 1 0 0 0 1 8952 41720 88 4 [65448, 65496, 65497, 65499] 
1427.09 65448 1 0 0 0 1 8952 41720 88 4 [65448, 65496, 65497, 65499] 
1428.09 65448 1 0 0 0 1 8952 41720 88 4 [65448, 65496, 65497, 65499] 
1429.09 65448 1 0 0 0 1 8952 41720 88 4 [65448, 65496, 65497, 65499] 
1430.09 65448 1 0 0 0 1 8952 41720 88 4 [65448, 65496, 65497, 65499] 
1431.09 65448 1 0 0 0 1 8952 41720 88 4 [65448, 65496, 65497, 65499] 
1432.09 65448 1 0 0 0 1 8952 41720 88 4 [65448, 65496, 65497, 65499] 
1433.09 65448 1 0 0 0 1 8952 41720 88 4 [65448, 65496, 65497, 65499] 
1434.09 65448 1 0 0 0 1 8952 41720 88 3 [65448, 65496, 65497] 
1435.09 65448 1 0 0 0 1 8952 41720 88 3 [65448, 65496, 65497] 
1436.09 65448 1 0 0 0 1 8952 41720 88 3 [65448, 65496, 65497] 
1437.09 65448 1 0 0 0 1 8952 41720 88 3 [65448, 65496, 65497] 
1438.09 65448 1 0 0 0 1 8952 41720 88 3 [65448, 65496, 65497] 
1439.09 65448 1 0 0 0 1 8952 41720 88 3 [65448, 65496, 65497] 
1440.09 65448 1 0 0 0 1 8952 41720 88 3 [65448, 65496, 65497] 
1441.09 65448 1 0 0 0 1 8952 41720 88 3 [65448, 65496, 65497] 
1442.09 65448 1 0 0 0 1 8952 41720 88 3 [65448, 65496, 65497] 
1443.09 65448 1 0 0 0 1 8952 41720 88 3 [65448, 65496, 65497] 
1444.09 65448 1 0 0 0 1 8952 41720 88 3 [65448, 65496, 65497] 
1445.09 65448 1 0 0 0 1 8952 41720 88 3 [65448, 65496, 65497] 
1446.09 65448 1 0 0 0 1 8952 41720 88 3 [65448, 65496, 65497] 
1447.09 65448 1 0 0 0 1 8952 41720 88 3 [65448, 65496, 65497] 
1448.09 65448 1 0 0 0 1 8952 41720 88 3 [65448, 65496, 65497] 
1449.09 65448 1 0 0 0 1 8952 41720 88 3 [65448, 65496, 65497] 
1450.09 65448 1 0 0 0 1 8952 41720 88 3 [65448, 65496, 65497] 
1451.09 65448 1 0 0 0 1 8952 41720 88 3 [65448, 65496, 65497] 
1452.09 65448 1 0 0 0 1 8952 41720 88 3 [65448, 65496, 65497] 
1453.09 65448 1 0 0 0 1 8952 41720 88 3 [65448, 65496, 65497] 
1454.09 65448 1 0 0 0 1 8952 41720 88 3 [65448, 65496, 65497] 
1455.09 65448 1 0 0 0 1 8952 41720 88 3 [65448, 65496, 65497] 
1456.09 65448 1 0 0 0 1 8952 41720 88 3 [65448, 65496, 65497] 
1457.09 65448 1 0 0 0 1 8952 41720 88 3 [65448, 65496, 65497] 
1458.09 65448 1 0 0 0 1 8952 41720 88 3 [65448, 65496, 65497] 
1459.09 65448 1 0 0 0 1 8952 41720 88 3 [65448, 65496, 65497] 
1460.09 65448 1 0 0 0 1 8952 41720 88 3 [65448, 65496, 65497] 
1461.09 65448 1 0 0 0 1 8952 41720 88 3 [65448, 65496, 65497] 
1462.09 65448 1 0 0 0 1 8952 41720 88 3 [65448, 65496, 65497] 
1463.09 65448 1 0 0 0 1 8952 41720 88 3 [65448, 65496, 65497] 
1464.09 65448 1 0 0 0 1 8952 41720 88 3 [65448, 65496, 65497] 
1465.09 65448 1 0 0 0 1 8952 41720 88 3 [65448, 65496, 65497] 
1466.09 65448 1 0 0 0 1 8952 41720 88 3 [65448, 65496, 65497] 
1467.09 65448 1 0 0 0 1 8952 41720 88 3 [65448, 65496, 65497] 
1468.09 65448 1 0 0 0 1 8952 41720 88 3 [65448, 65496, 65497] 
1469.09 65448 1 0 0 0 1 8952 41720 88 3 [65448, 65496, 65497] 
1470.09 65448 1 0 0 0 1 8952 41720 88 3 [65448, 65496, 65497] 
1471.09 65448 1 0 0 0 1 8952 41720 88 3 [65448, 65496, 65497] 
1472.09 65448 1 0 0 0 1 8952 41720 88 3 [65448, 65496, 65497] 
1473.09 65448 1 0 0 0 1 8952 41720 88 3 [65448, 65496, 65497] 
1474.09 65448 1 0 0 0 1 8952 41720 88 3 [65448, 65496, 65497] 
1475.09 65448 1 0 0 0 1 8952 41720 88 3 [65448, 65496, 65497] 
1476.09 65448 1 0 0 0 1 8952 41720 88 3 [65448, 65496, 65497] 
1477.09 65448 1 0 0 0 1 8952 41720 88 3 [65448, 65496, 65497] 
1478.09 65448 1 0 0 0 1 8952 41720 88 3 [65448, 65496, 65497] 
1479.09 65448 1 0 0 0 1 8952 41720 88 3 [65448, 65496, 65497] 
1480.09 65448 1 0 0 0 1 8952 41720 88 3 [65448, 65496, 65497] 
1481.09 65448 1 0 0 0 1 8952 41720 88 3 [65448, 65496, 65497] 
1482.09 65448 1 0 0 0 1 8952 41720 88 3 [65448, 65496, 65497] 
1483.09 65448 1 0 0 0 1 8952 41720 88 3 [65448, 65496, 65497] 
1484.09 65448 1 0 0 0 1 8952 41720 88 3 [65448, 65496, 65497] 
1485.09 65448 1 0 0 0 1 8952 41720 88 3 [65448, 65496, 65497] 
1486.09 65448 1 0 0 0 1 8952 41720 88 3 [65448, 65496, 65497] 
1487.09 65448 1 0 0 0 1 8952 41720 88 3 [65448, 65496, 65497] 
1488.09 65448 1 0 0 0 1 8952 41720 88 3 [65448, 65496, 65497] 
1489.09 65448 1 0 0 0 1 8952 41720 88 3 [65448, 65496, 65497] 
1490.09 65448 1 0 0 0 1 8952 41720 88 3 [65448, 65496, 65497] 
1491.09 65448 1 0 0 0 1 8952 41720 88 3 [65448, 65496, 65497] 
1492.09 65448 1 0 0 0 1 8952 41720 88 3 [65448, 65496, 65497] 
1493.09 65448 1 0 0 0 1 8952 41720 88 3 [65448, 65496, 65497] 
1494.09 65448 1 0 0 0 0 8952 41720 88 3 [65448, 65496, 65497] 
1495.09 65448 1 0 0 0 0 8952 41720 88 3 [65448, 65496, 65497] 
1496.09 65448 1 0 0 0 0 8952 41720 88 3 [65448, 65496, 65497] 
1497.09 65448 1 0 0 0 0 8952 41720 88 3 [65448, 65496, 65497] 
1498.09 65448 1 0 0 0 0 8952 41720 88 3 [65448, 65496, 65497] 
1499.09 65448 1 0 0 0 0 8952 41720 88 3 [65448, 65496, 65497] 
1500.09 65448 1 0 0 0 0 8952 41720 88 3 [65448, 65496, 65497] 
1501.09 65448 1 0 0 0 0 8952 41720 88 3 [65448, 65496, 65497] 
1502.09 65448 1 0 0 0 0 8952 41720 88 3 [65448, 65496, 65497] 
1503.09 65448 1 0 0 0 1 8952 41720 88 3 [65448, 65496, 65497] 
1504.09 65448 1 0 0 0 1 8952 41720 88 3 [65448, 65496, 65497] 
1505.09 65448 1 0 0 0 1 8952 41720 88 3 [65448, 65496, 65497] 
1506.09 65448 1 0 0 0 1 8952 41720 88 3 [65448, 65496, 65497] 
1507.09 65448 1 0 0 0 1 8952 41720 88 3 [65448, 65496, 65497] 
1508.09 65448 1 0 0 0 1 8952 41720 88 3 [65448, 65496, 65497] 
1509.09 65448 1 0 0 0 1 8952 41720 88 3 [65448, 65496, 65497] 
1510.09 65448 1 0 0 0 1 8952 41720 88 3 [65448, 65496, 65497] 
1511.09 65448 1 0 0 0 1 8952 41720 88 2 [65448, 65497] 
1512.09 65448 1 0 0 0 1 8952 41720 88 2 [65448, 65497] 
1513.09 65448 1 0 0 0 1 8952 41720 88 2 [65448, 65497] 
1514.09 65448 1 0 0 0 1 8952 41720 88 2 [65448, 65497] 
1515.09 65448 1 0 0 0 1 8952 41720 88 2 [65448, 65497] 
1516.09 65448 1 0 0 0 1 8952 41720 88 2 [65448, 65497] 
1517.09 65448 1 0 0 0 1 8952 41720 88 2 [65448, 65497] 
1518.09 65448 1 0 0 0 1 8952 41720 88 2 [65448, 65497] 
1519.09 65448 1 0 0 0 1 8952 41720 88 2 [65448, 65497] 
1520.09 65448 1 0 0 0 1 8952 41720 88 2 [65448, 65497] 
1521.09 65448 1 0 0 0 1 8952 41720 88 2 [65448, 65497] 
1522.09 65448 1 0 0 0 1 8952 41720 88 2 [65448, 65497] 
1523.09 65448 1 0 0 0 1 8952 41720 88 2 [65448, 65497] 
1524.09 65448 1 0 0 0 1 8952 41720 88 2 [65448, 65497] 
1525.09 65448 1 0 0 0 1 8952 41720 88 2 [65448, 65497] 
1526.09 65448 1 0 0 0 1 8952 41720 88 2 [65448, 65497] 
1527.09 65448 1 0 0 0 1 8952 41720 88 2 [65448, 65497] 
1528.09 65448 1 0 0 0 1 8952 41720 88 2 [65448, 65497] 
1529.09 65448 1 0 0 0 1 8952 41720 88 2 [65448, 65497] 
1530.09 65448 1 0 0 0 1 8952 41720 88 2 [65448, 65497] 
1531.09 65448 1 0 0 0 1 8952 41720 88 2 [65448, 65497] 
1532.09 65448 1 0 0 0 1 8952 41720 88 2 [65448, 65497] 
1533.09 65448 1 0 0 0 1 8952 41720 88 2 [65448, 65497] 
1534.09 65448 1 0 0 0 1 8952 41720 88 2 [65448, 65497] 
1535.09 65448 1 0 0 0 1 8952 41720 88 2 [65448, 65497] 
1536.09 65448 1 0 0 0 1 8952 41720 88 2 [65448, 65497] 
1537.09 65448 1 0 0 0 1 8952 41720 88 2 [65448, 65497] 
1538.09 65448 1 0 0 0 1 8952 41720 88 2 [65448, 65497] 
1539.09 65448 1 0 0 0 1 8952 41720 88 2 [65448, 65497] 
1540.09 65448 1 0 0 0 1 8952 41720 88 2 [65448, 65497] 
1541.09 65448 1 0 0 0 1 8952 41720 88 2 [65448, 65497] 
1542.09 65448 1 0 0 0 1 8952 41720 88 2 [65448, 65497] 
1543.09 65448 1 0 0 0 1 8952 41720 88 2 [65448, 65497] 
1544.09 65448 1 0 0 0 1 8952 41720 88 2 [65448, 65497] 
1545.09 65448 1 0 0 0 1 8952 41720 88 2 [65448, 65497] 
1546.09 65448 1 0 0 0 1 8952 41720 88 2 [65448, 65497] 
1547.09 65448 1 0 0 0 1 8952 41720 88 2 [65448, 65497] 
1548.09 65448 1 0 0 0 1 8952 41720 88 2 [65448, 65497] 
1549.09 65448 1 0 0 0 1 8952 41720 88 2 [65448, 65497] 
1550.09 65448 1 0 0 0 1 8952 41720 88 2 [65448, 65497] 
1551.09 65448 1 0 0 0 1 8952 41720 88 2 [65448, 65497] 
1552.09 65448 1 0 0 0 1 8952 41720 88 2 [65448, 65497] 
1553.09 65448 1 0 0 0 1 8952 41720 88 2 [65448, 65497] 
1554.09 65448 1 0 0 0 1 8952 41720 88 2 [65448, 65497] 
1555.09 65448 1 0 0 0 1 8952 41720 88 2 [65448, 65497] 
1556.09 65448 1 0 0 0 1 8952 41720 88 2 [65448, 65497] 
1557.09 65448 1 0 0 0 1 8952 41720 88 2 [65448, 65497] 
1558.09 65448 1 0 0 0 1 8952 41720 88 2 [65448, 65497] 
1559.09 65448 1 0 0 0 1 8952 41720 88 2 [65448, 65497] 
1560.09 65448 1 0 0 0 1 8952 41720 88 2 [65448, 65497] 
1561.09 65448 1 0 0 0 1 8952 41720 88 2 [65448, 65497] 
1562.09 65448 1 0 0 0 1 8952 41720 88 2 [65448, 65497] 
1563.09 65448 1 0 0 0 1 8952 41720 88 2 [65448, 65497] 
1564.09 65448 1 0 0 0 1 8952 41720 88 2 [65448, 65497] 
1565.09 65448 1 0 0 0 1 8952 41720 88 2 [65448, 65497] 
1566.09 65448 1 0 0 0 1 8952 41720 88 2 [65448, 65497] 
1567.09 65448 1 0 0 0 1 8952 41720 88 2 [65448, 65497] 
1568.09 65448 1 0 0 0 1 8952 41720 88 2 [65448, 65497] 
1569.09 65448 1 0 0 0 1 8952 41720 88 2 [65448, 65497] 
1570.09 65448 1 0 0 0 1 8952 41720 88 2 [65448, 65497] 
1571.09 65448 1 0 0 0 1 8952 41720 88 2 [65448, 65497] 
1572.09 65448 1 0 0 0 1 8952 41720 88 2 [65448, 65497] 
1573.09 65448 1 0 0 0 1 8952 41720 88 2 [65448, 65497] 
1574.09 65448 1 0 0 0 1 8952 41720 88 2 [65448, 65497] 
1575.09 65448 1 0 0 0 1 8952 41720 88 2 [65448, 65497] 
1576.09 65448 2 1 0 0 1 8952 41720 88 1 [65497] 
1577.09 65448 4 1 0 0 1 8952 41720 88 1 [65497] 
1578.09 65448 6 1 0 0 1 8952 41720 88 1 [65497] 
1579.09 65448 8 1 0 0 1 8952 41720 88 1 [65497] 
1580.09 65448 10 1 0 0 1 8952 41720 88 1 [65497] 
1581.09 65497 1 1 1 0 1 8952 41720 88 1 [65497] 
1582.09 65497 1 1 1 0 1 8952 41720 88 1 [65497] 
1583.09 65497 1 1 1 0 1 8952 41720 88 1 [65497] 
1584.09 65497 1 1 1 0 1 8952 41720 88 1 [65497] 
1585.09 65497 1 1 1 0 1 8952 41720 88 1 [65497] 
1586.09 65497 1 1 1 0 1 8952 41720 88 1 [65497] 
1587.09 65497 1 1 1 0 1 8952 41720 88 1 [65497] 
1588.09 65497 1 1 1 0 1 8952 41720 88 1 [65497] 
1589.09 65497 1 1 1 0 1 8952 41720 88 1 [65497] 
1590.09 65497 1 1 1 0 1 8952 41720 88 1 [65497] 
1591.09 65497 1 1 1 0 1 8952 41720 88 1 [65497] 
1592.09 65497 1 1 1 0 1 8952 41720 88 1 [65497] 
1593.09 65497 1 1 1 0 1 8952 41720 88 1 [65497] 
1594.09 65497 1 1 1 0 1 8952 41720 88 1 [65497] 
1595.09 65497 1 1 1 0 1 8952 41720 88 1 [65497] 
1596.09 65497 1 1 1 0 1 8952 41720 88 1 [65497] 
1597.09 65497 1 1 1 0 1 8952 41720 88 1 [65497] 
1598.09 65497 1 1 1 0 1 8952 41720 88 1 [65497] 
1599.09 65497 1 1 1 0 1 8952 41720 88 1 [65497] 
1600.09 65497 1 1 1 0 1 8952 41720 88 1 [65497] 
1601.09 65497 1 1 1 0 1 8952 41720 88 1 [65497] 
1602.09 65497 1 1 1 0 1 8952 41720 88 1 [65497] 
1603.09 65497 1 1 1 0 1 8952 41720 88 1 [65497] 
1604.09 65497 1 1 1 0 1 8952 41720 88 1 [65497] 
1605.09 65497 1 1 1 0 1 8952 41720 88 1 [65497] 
1606.09 65497 1 1 1 0 1 8952 41720 88 1 [65497] 
1607.09 65497 1 1 1 0 1 8952 41720 88 1 [65497] 
1608.09 65497 1 1 1 0 1 8952 41720 88 1 [65497] 
1609.09 65497 1 1 1 0 1 8952 41720 88 1 [65497] 
1610.09 65497 1 1 1 0 1 8952 41720 88 1 [65497] 
1611.09 65497 1 1 1 0 1 8952 41720 88 1 [65497] 
1612.09 65497 1 1 1 0 1 8952 41720 88 1 [65497] 
1613.09 65497 1 1 1 0 1 8952 41720 88 1 [65497] 
1614.09 65497 1 1 1 0 1 8952 41720 88 1 [65497] 
1615.09 65497 1 1 1 0 1 8952 41720 88 1 [65497] 
1616.09 65497 1 1 1 0 1 8952 41720 88 1 [65497] 
1617.09 65497 1 1 1 0 1 8952 41720 88 1 [65497] 
1618.09 65497 1 1 1 0 1 8952 41720 88 1 [65497] 
1619.09 65497 1 1 1 0 1 8952 41720 88 1 [65497] 
1620.09 65497 1 1 1 0 1 8952 41720 88 1 [65497] 
1621.09 65497 1 1 1 0 1 8952 41720 88 1 [65497] 
1622.09 65497 1 1 1 0 1 8952 41720 88 1 [65497] 
1623.09 65497 1 1 1 0 1 8952 41720 88 1 [65497] 
1624.09 65497 1 1 1 0 1 8952 41720 88 1 [65497] 
1625.09 65497 1 1 1 0 1 8952 41720 88 1 [65497] 
1626.09 65497 1 1 1 0 1 8952 41720 88 1 [65497] 
1627.09 65497 1 1 1 0 1 8952 41720 88 1 [65497] 
1628.09 65497 1 1 1 0 1 8952 41720 88 1 [65497] 
1629.09 65497 1 1 1 0 1 8952 41720 88 1 [65497] 
1630.09 65497 1 1 1 0 1 8952 41720 88 1 [65497] 
1631.09 65497 1 1 1 0 1 8952 41720 88 1 [65497] 
1632.09 65497 1 1 1 0 1 8952 41720 88 1 [65497] 
1633.09 65497 1 1 1 0 1 8952 41720 88 1 [65497] 
1634.09 65497 1 1 1 0 1 8952 41720 88 1 [65497] 
1635.09 65497 1 1 1 0 1 8952 41720 88 1 [65497] 
1636.09 65497 1 1 1 0 0 8952 41720 88 1 [65497] 
1637.09 65497 1 1 1 0 0 8952 41720 88 1 [65497] 
1638.09 65497 1 1 1 0 0 8952 41720 88 1 [65497] 
1639.09 65497 1 1 1 0 0 8952 41720 88 1 [65497] 
1640.09 65497 1 1 1 0 0 8952 41720 88 1 [65497] 
1641.09 65497 1 1 1 0 0 8952 41720 88 1 [65497] 
1642.09 65497 1 1 1 0 0 8952 41720 88 1 [65497] 
1643.09 65497 1 1 1 0 0 8952 41720 88 1 [65497] 
1644.09 65497 1 1 1 0 0 8952 41720 88 1 [65497] 
1645.09 65497 1 1 1 0 0 8952 41720 88 1 [65497] 
1646.09 65497 1 1 1 0 0 8952 41720 88 1 [65497] 
1647.09 65497 1 1 1 0 0 8952 41720 88 1 [65497] 
1648.09 65497 1 1 1 0 0 8952 41720 88 1 [65497] 
1649.09 65497 1 1 1 0 0 8952 41720 88 1 [65497] 
1650.09 65497 1 1 1 0 0 8952 41720 88 1 [65497] 
1651.09 65497 1 1 1 0 0 8952 41720 88 1 [65497] 
1652.09 65497 1 1 1 0 0 8952 41720 88 1 [65497] 
1653.09 65497 1 1 1 0 0 8952 41720 88 1 [65497] 
1654.09 65497 1 1 1 0 0 8952 41720 88 1 [65497] 
1655.09 65497 1 1 1 0 0 8952 41720 88 1 [65497] 
1656.09 65498 0 1 1 1 1 8952 41720 88 0 [] 
1657.09 65498 0 1 1 1 1 8952 41720 88 0 [] 
1658.09 65498 0 1 1 1 1 8952 41720 88 0 [] 
1659.09 65498 0 1 1 1 1 8952 41720 88 0 [] 
1660.09 65498 0 1 1 1 1 8952 41720 88 0 [] 
########################################################
# FCPP execution finished at: Thu Jan  1 00:25:32 1970 #
########################################################
