# log size 7298
########################################################
# FCPP execution started at:  Thu Jan  1 00:00:00 1970 #
########################################################
# 
#
# The columns have the following meaning:
# global_clock min_uid hop_dist bool_status max_stack max_heap max_msg degree nbr_list 
0 33060 0 1 1 0 0 8952 32504 76 1 [33115] 
21.0078 33060 0 1 1 0 0 8952 32504 76 1 [33115] 
22.0078 33060 0 1 1 0 0 8952 33528 76 1 [33115] 
23.0078 33060 0 1 1 0 0 8952 33528 76 1 [33115] 
24.0078 33060 0 1 1 0 0 8952 33528 76 1 [33115] 
25.0078 33060 0 1 1 0 0 8952 33528 76 1 [33115] 
26.0078 33060 0 1 1 0 0 8952 33528 76 1 [33115] 
27.0078 33060 0 1 1 0 0 8952 33528 76 1 [33115] 
28.0078 33060 0 1 1 0 0 8952 33528 76 1 [33115] 
29.0078 33060 0 1 1 0 0 8952 33528 76 1 [33115] 
30.0078 33060 0 1 1 0 0 8952 33528 76 1 [33115] 
31.0078 33060 0 1 1 0 0 8952 33528 76 1 [33115] 
32.0078 33060 0 1 1 0 0 8952 33528 76 1 [33115] 
33.0078 33060 0 1 1 0 0 8952 33528 76 1 [33115] 
34.0078 33060 0 1 1 0 0 8952 33528 76 1 [33115] 
35.0078 33060 0 1 1 0 0 8952 33528 76 1 [33115] 
36.0078 33060 0 1 1 0 0 8952 33528 76 1 [33115] 
37.0078 33060 0 1 1 0 0 8952 33528 76 1 [33115] 
38.0078 33060 0 1 1 0 0 8952 33528 76 1 [33115] 
39.0078 33060 0 1 1 0 0 8952 33528 76 1 [33115] 
40.0078 33060 0 1 1 0 0 8952 33528 76 1 [33115] 
41.0078 33060 0 1 1 0 0 8952 33528 76 1 [33115] 
42.0078 33060 0 1 1 0 0 8952 33528 76 1 [33115] 
43.0078 33060 0 1 1 0 0 8952 33528 76 1 [33115] 
44.0078 33060 0 1 1 0 0 8952 33528 76 1 [33115] 
45.0078 33060 0 1 1 0 0 8952 33528 76 1 [33115] 
46.0078 33060 0 1 1 0 0 8952 33528 76 1 [33115] 
47.0078 33060 0 0 0 0 0 8952 33528 76 2 [33115, 65449] 
48.0078 33060 0 0 0 0 0 8952 34552 76 2 [33115, 65449] 
49.0078 33060 0 0 0 0 0 8952 34552 76 2 [33115, 65449] 
50.0078 33060 0 0 0 0 0 8952 34552 76 2 [33115, 65449] 
51.0078 33060 0 0 0 0 0 8952 34552 76 2 [33115, 65449] 
52.0078 33060 0 0 0 0 0 8952 34552 76 2 [33115, 65449] 
53.0078 33060 0 0 0 0 0 8952 34552 76 2 [33115, 65449] 
54.0078 33060 0 0 0 0 0 8952 34552 76 2 [33115, 65449] 
55.0078 33060 0 0 0 0 0 8952 34552 76 2 [33115, 65449] 
56.0078 33060 0 0 0 0 0 8952 34552 76 2 [33115, 65449] 
57.0078 33060 0 0 0 0 0 8952 34552 76 2 [33115, 65449] 
58.0078 33060 0 0 1 0 0 8952 34552 76 2 [33115, 65449] 
59.0078 33060 0 0 1 0 0 8952 34552 76 2 [33115, 65449] 
60.0078 33060 0 0 1 0 0 8952 34552 76 2 [33115, 65449] 
61.0078 33060 0 0 1 0 0 8952 34552 76 2 [33115, 65449] 
62.0078 33060 0 0 1 0 0 8952 34552 76 2 [33115, 65449] 
63.0078 33060 0 0 0 0 0 8952 34552 76 2 [33115, 65449] 
64.0078 33060 0 0 0 0 0 8952 34552 76 2 [33115, 65449] 
65.0078 33060 0 0 0 0 0 8952 34552 76 2 [33115, 65449] 
66.0078 33060 0 0 0 0 0 8952 34552 76 2 [33115, 65449] 
67.0078 33060 0 0 0 0 0 8952 34552 76 2 [33115, 65449] 
68.0078 33060 0 0 0 0 0 8952 34552 76 2 [33115, 65449] 
69.0078 33060 0 0 1 0 0 8952 34552 76 2 [33115, 65449] 
70.0078 33060 0 0 1 0 0 8952 34552 76 2 [33115, 65449] 
71.0078 33060 0 0 1 0 0 8952 35576 76 3 [33115, 65449, 65499] 
72.0078 33060 0 0 1 0 0 8952 35576 76 3 [33115, 65449, 65499] 
73.0078 33060 0 0 0 0 0 8952 35576 76 3 [33115, 65449, 65499] 
74.0078 33060 0 0 0 0 0 8952 35576 76 3 [33115, 65449, 65499] 
75.0078 33060 0 0 0 0 0 8952 35576 76 3 [33115, 65449, 65499] 
76.0078 33060 0 0 0 0 0 8952 35576 76 3 [33115, 65449, 65499] 
77.0078 33060 0 0 0 0 0 8952 35576 76 3 [33115, 65449, 65499] 
78.0078 33060 0 0 0 0 0 8952 35576 76 3 [33115, 65449, 65499] 
79.0078 33060 0 0 0 0 0 8952 35576 76 3 [33115, 65449, 65499] 
80.0078 33060 0 0 0 0 0 8952 35576 76 3 [33115, 65449, 65499] 
81.0078 33060 0 0 0 0 0 8952 35576 76 3 [33115, 65449, 65499] 
82.0078 33060 0 0 0 0 0 8952 35576 76 3 [33115, 65449, 65499] 
83.0078 33060 0 0 0 0 0 8952 35576 76 3 [33115, 65449, 65499] 
84.0078 33060 0 0 0 0 0 8952 35576 76 3 [33115, 65449, 65499] 
85.0078 33060 0 0 0 0 0 8952 35576 76 3 [33115, 65449, 65499] 
86.0078 33060 0 0 0 0 0 8952 35576 76 3 [33115, 65449, 65499] 
87.0078 33060 0 0 0 0 0 8952 35576 76 3 [33115, 65449, 65499] 
88.0078 33060 0 0 0 0 0 8952 35576 76 3 [33115, 65449, 65499] 
89.0078 33060 0 0 0 0 0 8952 35576 76 3 [33115, 65449, 65499] 
90.0078 33060 0 0 0 0 0 8952 35576 76 3 [33115, 65449, 65499] 
91.0078 33060 0 0 0 0 0 8952 36600 76 4 [33115, 65449, 65496, 65499] 
92.0078 33060 0 0 0 0 0 8952 36600 76 4 [33115, 65449, 65496, 65499] 
93.0085 33060 0 0 0 0 0 8952 36600 76 4 [33115, 65449, 65496, 65499] 
94.0085 33060 0 0 0 0 0 8952 36600 76 4 [33115, 65449, 65496, 65499] 
95.0085 33060 0 0 0 0 0 8952 36600 76 4 [33115, 65449, 65496, 65499] 
96.0085 33060 0 0 0 0 0 8952 36600 76 4 [33115, 65449, 65496, 65499] 
97.0085 33060 0 0 0 0 0 8952 36600 76 4 [33115, 65449, 65496, 65499] 
98.0085 33060 0 0 0 0 0 8952 36600 76 4 [33115, 65449, 65496, 65499] 
99.0085 33060 0 0 0 0 0 8952 36600 76 4 [33115, 65449, 65496, 65499] 
100.009 33060 0 0 0 0 0 8952 36600 76 4 [33115, 65449, 65496, 65499] 
101.009 33060 0 0 0 0 0 8952 36600 76 4 [33115, 65449, 65496, 65499] 
102.009 33060 0 0 0 0 0 8952 36600 76 4 [33115, 65449, 65496, 65499] 
103.009 33060 0 0 0 0 0 8952 36600 76 4 [33115, 65449, 65496, 65499] 
104.009 33060 0 0 0 0 0 8952 36600 76 4 [33115, 65449, 65496, 65499] 
105.009 33060 0 0 0 0 0 8952 36600 76 4 [33115, 65449, 65496, 65499] 
106.009 33060 0 0 0 0 0 8952 36600 76 4 [33115, 65449, 65496, 65499] 
107.009 33060 0 0 0 0 0 8952 36600 76 4 [33115, 65449, 65496, 65499] 
108.009 33060 0 0 0 0 0 8952 36600 76 4 [33115, 65449, 65496, 65499] 
109.009 33060 0 0 0 0 0 8952 36600 76 4 [33115, 65449, 65496, 65499] 
110.009 33060 0 0 0 0 0 8952 37624 76 5 [33115, 65448, 65449, 65496, 65499] 
111.009 33060 0 0 0 0 0 8952 37624 76 5 [33115, 65448, 65449, 65496, 65499] 
112.009 33060 0 0 0 0 0 8952 37624 76 5 [33115, 65448, 65449, 65496, 65499] 
113.009 33060 0 0 0 0 0 8952 38648 76 5 [33115, 65448, 65449, 65496, 65499] 
114.009 33060 0 0 0 0 0 8952 38648 76 5 [33115, 65448, 65449, 65496, 65499] 
115.009 33060 0 0 0 0 0 8952 38648 76 5 [33115, 65448, 65449, 65496, 65499] 
116.009 33060 0 0 0 0 0 8952 38648 76 5 [33115, 65448, 65449, 65496, 65499] 
117.009 33060 0 0 0 0 0 8952 38648 76 5 [33115, 65448, 65449, 65496, 65499] 
118.009 33060 0 0 0 0 0 8952 38648 76 5 [33115, 65448, 65449, 65496, 65499] 
119.009 33060 0 0 0 0 0 8952 38648 76 5 [33115, 65448, 65449, 65496, 65499] 
120.009 33060 0 0 0 0 0 8952 38648 76 5 [33115, 65448, 65449, 65496, 65499] 
121.009 33060 0 0 0 0 0 8952 38648 76 4 [33115, 65448, 65496, 65499] 
122.009 33060 0 0 0 0 0 8952 38648 76 4 [33115, 65448, 65496, 65499] 
123.009 33060 0 0 0 0 0 8952 38648 76 4 [33115, 65448, 65496, 65499] 
124.009 33060 0 0 0 0 0 8952 38648 76 4 [33115, 65448, 65496, 65499] 
125.009 33060 0 0 0 0 0 8952 38648 76 4 [33115, 65448, 65496, 65499] 
126.009 33060 0 0 0 0 0 8952 38648 76 4 [33115, 65448, 65496, 65499] 
127.009 33060 0 0 0 0 0 8952 38648 76 4 [33115, 65448, 65496, 65499] 
128.009 33060 0 0 0 0 0 8952 38648 76 4 [33115, 65448, 65496, 65499] 
129.009 33060 0 0 0 0 0 8952 38648 76 4 [33115, 65448, 65496, 65499] 
130.009 33060 0 0 0 0 0 8952 38648 76 4 [33115, 65448, 65496, 65499] 
131.009 33060 0 0 0 0 0 8952 38648 76 4 [33115, 65448, 65496, 65499] 
132.009 33060 0 0 0 0 0 8952 38648 76 4 [33115, 65448, 65496, 65499] 
133.009 33060 0 0 0 0 0 8952 38648 76 4 [33115, 65448, 65496, 65499] 
134.009 33060 0 0 0 0 0 8952 38648 76 4 [33115, 65448, 65496, 65499] 
135.009 33060 0 0 0 0 0 8952 38648 76 4 [33115, 65448, 65496, 65499] 
136.009 33060 0 0 0 0 0 8952 38648 76 4 [33115, 65448, 65496, 65499] 
137.009 33060 0 0 0 0 0 8952 38648 76 5 [33115, 65448, 65496, 65498, 65499] 
138.017 33060 0 0 0 0 0 8952 38648 76 6 [33115, 65448, 65449, 65496, 65498, 65499] 
139.017 33060 0 0 0 0 0 8952 39672 76 6 [33115, 65448, 65449, 65496, 65498, 65499] 
140.023 33060 0 0 0 0 0 8952 39672 76 6 [33115, 65448, 65449, 65496, 65498, 65499] 
141.023 33060 0 0 0 0 0 8952 39672 76 6 [33115, 65448, 65449, 65496, 65498, 65499] 
142.032 33060 0 0 0 0 0 8952 39672 76 6 [33115, 65448, 65449, 65496, 65498, 65499] 
143.032 33060 0 0 0 0 0 8952 39672 76 6 [33115, 65448, 65449, 65496, 65498, 65499] 
144.037 33060 0 0 0 0 0 8952 39672 76 6 [33115, 65448, 65449, 65496, 65498, 65499] 
145.037 33060 0 0 0 0 0 8952 39672 76 6 [33115, 65448, 65449, 65496, 65498, 65499] 
146.041 33060 0 0 0 0 0 8952 39672 76 6 [33115, 65448, 65449, 65496, 65498, 65499] 
147.041 33060 0 0 0 0 0 8952 39672 76 6 [33115, 65448, 65449, 65496, 65498, 65499] 
148.051 33060 0 0 0 0 0 8952 39672 76 6 [33115, 65448, 65449, 65496, 65498, 65499] 
149.051 33060 0 0 0 0 0 8952 39672 76 6 [33115, 65448, 65449, 65496, 65498, 65499] 
150.051 33060 0 0 0 0 0 8952 39672 76 6 [33115, 65448, 65449, 65496, 65498, 65499] 
151.051 33060 0 0 0 0 0 8952 39672 76 6 [33115, 65448, 65449, 65496, 65498, 65499] 
152.052 33060 0 0 0 0 0 8952 39672 76 6 [33115, 65448, 65449, 65496, 65498, 65499] 
153.052 33060 0 0 0 0 0 8952 39672 76 6 [33115, 65448, 65449, 65496, 65498, 65499] 
154.052 33060 0 0 0 0 0 8952 39672 76 6 [33115, 65448, 65449, 65496, 65498, 65499] 
155.052 33060 0 0 0 0 0 8952 39672 76 6 [33115, 65448, 65449, 65496, 65498, 65499] 
156.055 33060 0 0 1 0 0 8952 40696 76 7 [33115, 65448, 65449, 65496, 65497, 65498, 65499] 
157.058 33060 0 0 0 0 0 8952 40696 76 7 [33115, 65448, 65449, 65496, 65497, 65498, 65499] 
158.069 33060 0 0 0 0 0 8952 40696 76 7 [33115, 65448, 65449, 65496, 65497, 65498, 65499] 
159.072 33060 0 0 0 0 0 8952 40696 76 7 [33115, 65448, 65449, 65496, 65497, 65498, 65499] 
160.081 33060 0 0 0 0 0 8952 40696 76 7 [33115, 65448, 65449, 65496, 65497, 65498, 65499] 
161.089 33060 0 0 0 0 0 8952 40696 76 7 [33115, 65448, 65449, 65496, 65497, 65498, 65499] 
162.089 33060 0 0 0 0 0 8952 41720 76 7 [33115, 65448, 65449, 65496, 65497, 65498, 65499] 
163.089 33060 0 0 0 0 0 8952 41720 76 7 [33115, 65448, 65449, 65496, 65497, 65498, 65499] 
164.095 33060 0 0 0 0 0 8952 41720 76 7 [33115, 65448, 65449, 65496, 65497, 65498, 65499] 
165.095 33060 0 0 0 0 0 8952 41720 76 7 [33115, 65448, 65449, 65496, 65497, 65498, 65499] 
166.099 33060 0 0 0 0 0 8952 41720 76 7 [33115, 65448, 65449, 65496, 65497, 65498, 65499] 
167.099 33060 0 0 0 0 0 8952 41720 76 7 [33115, 65448, 65449, 65496, 65497, 65498, 65499] 
168.099 33060 0 0 0 0 0 8952 41720 76 7 [33115, 65448, 65449, 65496, 65497, 65498, 65499] 
169.099 33060 0 0 0 0 0 8952 41720 76 7 [33115, 65448, 65449, 65496, 65497, 65498, 65499] 
170.108 33060 0 0 0 0 0 8952 41720 76 7 [33115, 65448, 65449, 65496, 65497, 65498, 65499] 
171.108 33060 0 0 0 0 0 8952 41720 76 7 [33115, 65448, 65449, 65496, 65497, 65498, 65499] 
172.108 33060 0 0 0 0 0 8952 41720 76 7 [33115, 65448, 65449, 65496, 65497, 65498, 65499] 
173.108 33060 0 0 0 0 0 8952 41720 76 7 [33115, 65448, 65449, 65496, 65497, 65498, 65499] 
174.108 33060 0 0 0 0 0 8952 41720 76 7 [33115, 65448, 65449, 65496, 65497, 65498, 65499] 
175.116 33060 0 0 0 0 0 8952 41720 76 7 [33115, 65448, 65449, 65496, 65497, 65498, 65499] 
176.116 33060 0 0 0 0 0 8952 41720 76 7 [33115, 65448, 65449, 65496, 65497, 65498, 65499] 
177.116 33060 0 0 0 0 0 8952 41720 76 7 [33115, 65448, 65449, 65496, 65497, 65498, 65499] 
178.116 33060 0 0 0 0 0 8952 41720 76 7 [33115, 65448, 65449, 65496, 65497, 65498, 65499] 
179.123 33060 0 0 0 0 0 8952 41720 76 7 [33115, 65448, 65449, 65496, 65497, 65498, 65499] 
180.123 33060 0 0 0 0 0 8952 41720 76 7 [33115, 65448, 65449, 65496, 65497, 65498, 65499] 
181.126 33060 0 0 0 0 0 8952 41720 76 7 [33115, 65448, 65449, 65496, 65497, 65498, 65499] 
182.126 33060 0 0 0 0 0 8952 41720 76 7 [33115, 65448, 65449, 65496, 65497, 65498, 65499] 
183.126 33060 0 0 0 0 0 8952 41720 76 7 [33115, 65448, 65449, 65496, 65497, 65498, 65499] 
184.126 33060 0 0 0 0 0 8952 41720 76 7 [33115, 65448, 65449, 65496, 65497, 65498, 65499] 
185.14 33060 0 0 0 0 0 8952 41720 76 7 [33115, 65448, 65449, 65496, 65497, 65498, 65499] 
186.152 33060 0 0 0 0 0 8952 41720 76 7 [33115, 65448, 65449, 65496, 65497, 65498, 65499] 
187.152 33060 0 0 0 0 0 8952 41720 76 7 [33115, 65448, 65449, 65496, 65497, 65498, 65499] 
188.159 33060 0 0 0 0 0 8952 41720 76 7 [33115, 65448, 65449, 65496, 65497, 65498, 65499] 
189.159 33060 0 0 0 0 0 8952 41720 76 7 [33115, 65448, 65449, 65496, 65497, 65498, 65499] 
190.159 33060 0 0 0 0 0 8952 41720 76 7 [33115, 65448, 65449, 65496, 65497, 65498, 65499] 
191.159 33060 0 0 0 0 0 8952 41720 76 7 [33115, 65448, 65449, 65496, 65497, 65498, 65499] 
192.167 33060 0 0 0 0 0 8952 41720 76 7 [33115, 65448, 65449, 65496, 65497, 65498, 65499] 
193.184 33060 0 0 0 0 0 8952 41720 76 7 [33115, 65448, 65449, 65496, 65497, 65498, 65499] 
194.184 33060 0 0 0 0 0 8952 41720 76 7 [33115, 65448, 65449, 65496, 65497, 65498, 65499] 
195.184 33060 0 0 0 0 0 8952 41720 76 7 [33115, 65448, 65449, 65496, 65497, 65498, 65499] 
196.192 33060 0 0 0 0 0 8952 41720 76 7 [33115, 65448, 65449, 65496, 65497, 65498, 65499] 
197.192 33060 0 0 0 0 0 8952 41720 76 7 [33115, 65448, 65449, 65496, 65497, 65498, 65499] 
198.205 33060 0 0 0 0 0 8952 41720 76 7 [33115, 65448, 65449, 65496, 65497, 65498, 65499] 
199.205 33060 0 0 0 0 0 8952 41720 76 7 [33115, 65448, 65449, 65496, 65497, 65498, 65499] 
200.208 33060 0 0 0 0 0 8952 41720 76 7 [33115, 65448, 65449, 65496, 65497, 65498, 65499] 
201.208 33060 0 0 0 0 0 8952 41720 76 7 [33115, 65448, 65449, 65496, 65497, 65498, 65499] 
202.226 33060 0 0 0 0 0 8952 41720 76 7 [33115, 65448, 65449, 65496, 65497, 65498, 65499] 
203.226 33060 0 0 0 0 0 8952 41720 76 7 [33115, 65448, 65449, 65496, 65497, 65498, 65499] 
204.233 33060 0 0 0 0 0 8952 41720 76 7 [33115, 65448, 65449, 65496, 65497, 65498, 65499] 
205.233 33060 0 0 0 0 0 8952 41720 76 7 [33115, 65448, 65449, 65496, 65497, 65498, 65499] 
206.243 33060 0 0 0 0 0 8952 41720 76 7 [33115, 65448, 65449, 65496, 65497, 65498, 65499] 
207.253 33060 0 0 0 0 0 8952 41720 76 7 [33115, 65448, 65449, 65496, 65497, 65498, 65499] 
208.253 33060 0 0 0 0 0 8952 41720 76 7 [33115, 65448, 65449, 65496, 65497, 65498, 65499] 
209.269 33060 0 0 0 0 0 8952 41720 76 7 [33115, 65448, 65449, 65496, 65497, 65498, 65499] 
210.276 33060 0 0 0 0 0 8952 41720 76 7 [33115, 65448, 65449, 65496, 65497, 65498, 65499] 
211.276 33060 0 0 0 0 0 8952 41720 76 7 [33115, 65448, 65449, 65496, 65497, 65498, 65499] 
212.276 33060 0 0 0 0 0 8952 41720 76 7 [33115, 65448, 65449, 65496, 65497, 65498, 65499] 
213.284 33060 0 0 0 0 0 8952 41720 76 7 [33115, 65448, 65449, 65496, 65497, 65498, 65499] 
214.284 33060 0 0 0 0 0 8952 41720 76 7 [33115, 65448, 65449, 65496, 65497, 65498, 65499] 
215.293 33060 0 0 0 0 0 8952 41720 76 7 [33115, 65448, 65449, 65496, 65497, 65498, 65499] 
216.293 33060 0 0 0 0 0 8952 41720 76 7 [33115, 65448, 65449, 65496, 65497, 65498, 65499] 
217.293 33060 0 0 0 0 0 8952 41720 76 7 [33115, 65448, 65449, 65496, 65497, 65498, 65499] 
218.309 33060 0 0 0 0 0 8952 41720 76 7 [33115, 65448, 65449, 65496, 65497, 65498, 65499] 
219.309 33060 0 0 0 0 0 8952 41720 76 6 [33115, 65448, 65496, 65497, 65498, 65499] 
220.309 33060 0 0 0 0 0 8952 41720 76 6 [33115, 65448, 65496, 65497, 65498, 65499] 
221.309 33060 0 0 0 0 0 8952 41720 76 5 [33115, 65448, 65496, 65497, 65499] 
222.309 33060 0 0 0 0 0 8952 41720 76 4 [33115, 65448, 65496, 65497] 
223.309 33060 0 0 0 0 0 8952 41720 76 3 [33115, 65448, 65496] 
224.309 33060 0 0 0 0 0 8952 41720 76 3 [33115, 65448, 65496] 
225.309 33060 0 0 0 0 0 8952 41720 76 2 [33115, 65448] 
226.309 33060 0 0 0 0 0 8952 41720 76 2 [33115, 65448] 
227.309 33060 0 0 0 0 0 8952 41720 76 2 [33115, 65448] 
228.309 33060 0 1 1 0 0 8952 41720 76 0 [] 
229.309 33060 0 1 1 0 0 8952 41720 76 0 [] 
230.309 33060 0 1 1 0 0 8952 41720 76 0 [] 
231.309 33060 0 1 1 0 0 8952 41720 76 0 [] 
232.309 33060 0 1 1 0 0 8952 41720 76 0 [] 
233.319 33060 0 1 1 0 0 8952 41720 76 1 [33115] 
234.324 33060 0 1 1 0 0 8952 41720 76 1 [33115] 
235.328 33060 0 1 1 0 0 8952 41720 76 1 [33115] 
236.328 33060 0 1 1 0 0 8952 41720 76 1 [33115] 
237.328 33060 0 1 1 0 0 8952 41720 76 1 [33115] 
238.328 33060 0 1 1 0 0 8952 41720 76 1 [33115] 
239.328 33060 0 1 1 0 0 8952 41720 76 1 [33115] 
240.334 33060 0 1 1 0 0 8952 41720 76 1 [33115] 
241.334 33060 0 1 1 0 0 8952 41720 76 1 [33115] 
242.334 33060 0 1 1 0 0 8952 41720 76 1 [33115] 
243.337 33060 0 1 1 0 0 8952 41720 76 1 [33115] 
244.346 33060 0 1 1 0 0 8952 41720 76 1 [33115] 
245.346 33060 0 1 1 0 0 8952 41720 76 1 [33115] 
246.351 33060 0 1 1 0 0 8952 41720 76 1 [33115] 
247.351 33060 0 1 1 0 0 8952 41720 76 1 [33115] 
248.354 33060 0 1 1 0 0 8952 41720 76 1 [33115] 
249.354 33060 0 1 1 0 0 8952 41720 76 1 [33115] 
250.363 33060 0 1 1 0 0 8952 41720 76 1 [33115] 
251.364 33060 0 1 1 0 0 8952 41720 76 1 [33115] 
252.364 33060 0 1 1 0 0 8952 41720 76 1 [33115] 
253.367 33060 0 0 0 0 0 8952 41720 76 2 [33115, 65499] 
254.367 33060 0 0 0 0 0 8952 41720 76 2 [33115, 65499] 
255.367 33060 0 0 0 0 0 8952 41720 76 2 [33115, 65499] 
256.371 33060 0 0 0 0 0 8952 41720 76 2 [33115, 65499] 
257.371 33060 0 0 0 0 0 8952 41720 76 2 [33115, 65499] 
258.381 33060 0 0 0 0 0 8952 41720 76 2 [33115, 65499] 
259.381 33060 0 0 0 0 0 8952 41720 76 2 [33115, 65499] 
260.381 33060 0 0 0 0 0 8952 41720 76 2 [33115, 65499] 
261.384 33060 0 1 1 0 0 8952 41720 76 1 [33115] 
262.385 33060 0 0 0 0 0 8952 41720 76 2 [33115, 65499] 
263.385 33060 0 0 0 0 0 8952 41720 76 2 [33115, 65499] 
264.385 33060 0 0 0 0 0 8952 41720 76 2 [33115, 65499] 
265.385 33060 0 0 0 0 0 8952 41720 76 2 [33115, 65499] 
266.389 33060 0 0 0 0 0 8952 41720 76 2 [33115, 65499] 
267.391 33060 0 1 1 0 0 8952 41720 76 1 [33115] 
268.395 33060 0 1 1 0 0 8952 41720 76 1 [33115] 
269.395 33060 0 0 0 0 0 8952 41720 76 2 [33115, 65499] 
270.395 33060 0 0 0 0 0 8952 41720 76 2 [33115, 65499] 
271.397 33060 0 0 0 0 0 8952 41720 76 2 [33115, 65499] 
272.399 33060 0 0 0 0 0 8952 41720 76 2 [33115, 65499] 
273.402 33060 0 0 0 0 0 8952 41720 76 2 [33115, 65499] 
274.402 33060 0 0 0 0 0 8952 41720 76 2 [33115, 65499] 
275.402 33060 0 0 0 0 0 8952 41720 76 2 [33115, 65499] 
276.403 33060 0 0 0 0 0 8952 41720 76 2 [33115, 65499] 
277.415 33060 0 0 0 0 0 8952 41720 76 2 [33115, 65499] 
278.417 33060 0 0 0 0 0 8952 41720 76 2 [33115, 65499] 
279.417 33060 0 0 0 0 0 8952 41720 76 2 [33115, 65499] 
280.419 33060 0 1 1 0 0 8952 41720 76 1 [33115] 
281.424 33060 0 1 1 0 0 8952 41720 76 1 [33115] 
282.424 33060 0 1 1 0 0 8952 41720 76 1 [33115] 
283.425 33060 0 1 1 0 0 8952 41720 76 1 [33115] 
284.428 33060 0 1 1 0 0 8952 41720 76 1 [33115] 
285.428 33060 0 1 1 0 0 8952 41720 76 1 [33115] 
286.433 33060 0 1 1 0 0 8952 41720 76 1 [33115] 
287.433 33060 0 1 1 0 0 8952 41720 76 1 [33115] 
288.433 33060 0 1 1 0 0 8952 41720 76 1 [33115] 
289.433 33060 0 1 1 0 0 8952 41720 76 1 [33115] 
290.433 33060 0 1 1 0 0 8952 41720 76 1 [33115] 
291.433 33060 0 1 1 0 0 8952 41720 76 1 [33115] 
292.433 33060 0 1 1 0 0 8952 41720 76 1 [33115] 
293.433 33060 0 1 1 0 0 8952 41720 76 1 [33115] 
294.436 33060 0 1 1 0 0 8952 41720 76 1 [33115] 
295.441 33060 0 1 1 0 0 8952 41720 76 1 [33115] 
296.444 33060 0 1 1 0 0 8952 41720 76 1 [33115] 
297.445 33060 0 1 1 0 0 8952 41720 76 1 [33115] 
298.445 33060 0 1 1 0 0 8952 41720 76 1 [33115] 
299.445 33060 0 1 1 0 0 8952 41720 76 1 [33115] 
300.446 33060 0 1 1 0 0 8952 41720 76 1 [33115] 
301.446 33060 0 1 1 0 0 8952 41720 76 1 [33115] 
302.45 33060 0 1 1 0 0 8952 41720 76 1 [33115] 
303.45 33060 0 1 1 0 0 8952 41720 76 1 [33115] 
304.45 33060 0 1 1 0 0 8952 41720 76 1 [33115] 
305.45 33060 0 1 1 0 0 8952 41720 76 1 [33115] 
306.454 33060 0 0 0 0 0 8952 41720 76 2 [33115, 65496] 
307.454 33060 0 0 0 0 0 8952 41720 76 2 [33115, 65496] 
308.454 33060 0 0 0 0 0 8952 41720 76 2 [33115, 65496] 
309.475 33060 0 0 0 0 0 8952 41720 76 2 [33115, 65496] 
310.475 33060 0 0 0 0 0 8952 41720 76 2 [33115, 65496] 
311.481 33060 0 0 0 0 0 8952 41720 76 2 [33115, 65496] 
312.481 33060 0 0 0 0 0 8952 41720 76 2 [33115, 65496] 
313.481 33060 0 0 0 0 0 8952 41720 76 2 [33115, 65496] 
314.481 33060 0 0 0 0 0 8952 41720 76 2 [33115, 65496] 
315.481 33060 0 1 1 0 0 8952 41720 76 1 [33115] 
316.482 33060 0 1 1 0 0 8952 41720 76 1 [33115] 
317.482 33060 0 1 1 0 0 8952 41720 76 1 [33115] 
318.487 33060 0 1 1 0 0 8952 41720 76 1 [33115] 
319.489 33060 0 1 1 0 0 8952 41720 76 1 [33115] 
320.489 33060 0 1 1 0 0 8952 41720 76 1 [33115] 
321.489 33060 0 1 1 0 0 8952 41720 76 1 [33115] 
322.49 33060 0 1 1 0 0 8952 41720 76 1 [33115] 
323.49 33060 0 1 1 0 0 8952 41720 76 1 [33115] 
324.49 33060 0 1 1 0 0 8952 41720 76 1 [33115] 
325.49 33060 0 1 1 0 0 8952 41720 76 1 [33115] 
326.497 33060 0 1 1 0 0 8952 41720 76 1 [33115] 
327.497 33060 0 1 1 0 0 8952 41720 76 1 [33115] 
328.497 33060 0 1 1 0 0 8952 41720 76 1 [33115] 
329.497 33060 0 1 1 0 0 8952 41720 76 1 [33115] 
330.498 33060 0 1 1 0 0 8952 41720 76 1 [33115] 
331.499 33060 0 1 1 0 0 8952 41720 76 1 [33115] 
332.499 33060 0 1 1 0 0 8952 41720 76 1 [33115] 
333.507 33060 0 1 1 0 0 8952 41720 76 1 [33115] 
334.507 33060 0 1 1 0 0 8952 41720 76 1 [33115] 
335.513 33060 0 1 1 0 0 8952 41720 76 1 [33115] 
336.513 33060 0 1 1 0 0 8952 41720 76 1 [33115] 
337.513 33060 0 1 1 0 0 8952 41720 76 1 [33115] 
338.52 33060 0 1 1 0 0 8952 41720 76 1 [33115] 
339.52 33060 0 1 1 0 0 8952 41720 76 1 [33115] 
340.52 33060 0 1 1 0 0 8952 41720 76 1 [33115] 
341.52 33060 0 1 1 0 0 8952 41720 76 1 [33115] 
342.52 33060 0 1 1 0 0 8952 41720 76 1 [33115] 
343.52 33060 0 1 1 0 0 8952 41720 76 1 [33115] 
344.53 33060 0 1 1 0 0 8952 41720 76 1 [33115] 
345.53 33060 0 1 1 0 0 8952 41720 76 1 [33115] 
346.534 33060 0 1 1 0 0 8952 41720 76 1 [33115] 
347.539 33060 0 1 1 0 0 8952 41720 76 1 [33115] 
348.539 33060 0 0 0 0 0 8952 41720 76 2 [33115, 65448] 
349.54 33060 0 0 0 0 0 8952 41720 76 2 [33115, 65448] 
350.542 33060 0 0 0 0 0 8952 41720 76 2 [33115, 65448] 
351.542 33060 0 0 0 0 0 8952 41720 76 2 [33115, 65448] 
352.544 33060 0 0 0 0 0 8952 41720 76 2 [33115, 65448] 
353.544 33060 0 0 0 0 0 8952 41720 76 2 [33115, 65448] 
354.544 33060 0 0 0 0 0 8952 41720 76 2 [33115, 65448] 
355.544 33060 0 0 0 0 0 8952 41720 76 2 [33115, 65448] 
356.547 33060 0 0 0 0 0 8952 41720 76 2 [33115, 65448] 
357.549 33060 0 0 0 0 0 8952 41720 76 2 [33115, 65448] 
358.549 33060 0 0 0 0 0 8952 41720 76 2 [33115, 65448] 
359.557 33060 0 0 0 0 0 8952 41720 76 2 [33115, 65448] 
360.557 33060 0 0 0 0 0 8952 41720 76 2 [33115, 65448] 
361.557 33060 0 0 0 0 0 8952 41720 76 2 [33115, 65448] 
362.558 33060 0 0 0 0 0 8952 41720 76 2 [33115, 65448] 
363.558 33060 0 0 0 0 0 8952 41720 76 2 [33115, 65448] 
364.562 33060 0 0 0 0 0 8952 41720 76 2 [33115, 65448] 
365.562 33060 0 0 0 0 0 8952 41720 76 2 [33115, 65448] 
366.562 33060 0 0 0 0 0 8952 41720 76 2 [33115, 65448] 
367.57 33060 0 0 0 0 0 8952 41720 76 2 [33115, 65448] 
368.57 33060 0 0 0 0 0 8952 41720 76 2 [33115, 65448] 
369.571 33060 0 0 0 0 0 8952 41720 76 2 [33115, 65448] 
370.571 33060 0 0 0 0 0 8952 41720 76 2 [33115, 65448] 
371.571 33060 0 0 0 0 0 8952 41720 76 2 [33115, 65448] 
372.577 33060 0 0 0 0 0 8952 41720 76 2 [33115, 65448] 
373.577 33060 0 1 1 0 0 8952 41720 76 1 [33115] 
374.578 33060 0 1 1 0 0 8952 41720 76 1 [33115] 
375.579 33060 0 1 1 0 0 8952 41720 76 1 [33115] 
376.579 33060 0 0 0 0 0 8952 41720 76 2 [33115, 65448] 
377.579 33060 0 0 0 0 0 8952 41720 76 2 [33115, 65448] 
378.579 33060 0 0 0 0 0 8952 41720 76 2 [33115, 65448] 
379.579 33060 0 0 0 0 0 8952 41720 76 2 [33115, 65448] 
380.579 33060 0 0 0 0 0 8952 41720 76 2 [33115, 65448] 
381.587 33060 0 0 0 0 0 8952 41720 76 3 [33115, 65448, 65498] 
382.587 33060 0 0 0 0 0 8952 41720 76 3 [33115, 65448, 65498] 
383.587 33060 0 0 1 0 0 8952 41720 76 3 [33115, 65448, 65498] 
384.587 33060 0 0 1 0 0 8952 41720 76 3 [33115, 65448, 65498] 
385.587 33060 0 0 0 0 0 8952 41720 76 3 [33115, 65448, 65498] 
386.588 33060 0 0 0 0 0 8952 41720 76 3 [33115, 65448, 65498] 
387.588 33060 0 0 0 0 0 8952 41720 76 3 [33115, 65448, 65498] 
388.588 33060 0 0 0 0 0 8952 41720 76 2 [33115, 65448] 
389.592 33060 0 0 0 0 0 8952 41720 76 2 [33115, 65448] 
390.593 33060 0 0 0 0 0 8952 41720 76 2 [33115, 65448] 
391.595 33060 0 0 1 0 0 8952 41720 76 3 [33115, 65448, 65498] 
392.598 33060 0 0 1 0 0 8952 41720 76 3 [33115, 65448, 65498] 
393.598 33060 0 0 1 0 0 8952 41720 76 3 [33115, 65448, 65498] 
394.598 33060 0 0 1 0 0 8952 41720 76 3 [33115, 65448, 65498] 
395.599 33060 0 0 1 0 0 8952 41720 76 3 [33115, 65448, 65498] 
396.599 33060 0 0 1 0 0 8952 41720 76 3 [33115, 65448, 65498] 
397.599 33060 0 0 1 0 0 8952 41720 76 2 [33115, 65498] 
398.599 33060 0 0 1 0 0 8952 41720 76 2 [33115, 65498] 
399.599 33060 0 0 1 0 0 8952 41720 76 3 [33115, 65497, 65498] 
400.599 33060 0 0 1 0 0 8952 41720 76 4 [33115, 65448, 65497, 65498] 
401.599 33060 0 0 0 0 0 8952 41720 76 4 [33115, 65448, 65497, 65498] 
402.599 33060 0 0 0 0 0 8952 41720 76 4 [33115, 65448, 65497, 65498] 
403.604 33060 0 0 0 0 0 8952 41720 76 4 [33115, 65448, 65497, 65498] 
404.604 33060 0 0 0 0 0 8952 41720 76 4 [33115, 65448, 65497, 65498] 
405.606 33060 0 0 0 0 0 8952 41720 76 4 [33115, 65448, 65497, 65498] 
406.61 33060 0 0 0 0 0 8952 41720 76 3 [33115, 65448, 65497] 
407.61 33060 0 0 0 0 0 8952 41720 76 3 [33115, 65448, 65497] 
408.61 33060 0 0 1 0 0 8952 41720 76 3 [33115, 65448, 65497] 
409.61 33060 0 0 1 0 0 8952 41720 76 3 [33115, 65448, 65497] 
410.612 33060 0 0 1 0 0 8952 41720 76 3 [33115, 65448, 65497] 
411.612 33060 0 0 1 0 0 8952 41720 76 3 [33115, 65448, 65497] 
412.613 33060 0 0 1 0 0 8952 41720 76 3 [33115, 65448, 65497] 
413.613 33060 0 0 1 0 0 8952 41720 76 3 [33115, 65448, 65497] 
414.613 33060 0 0 0 0 0 8952 41720 76 3 [33115, 65448, 65497] 
415.613 33060 0 0 0 0 0 8952 41720 76 3 [33115, 65448, 65497] 
416.613 33060 0 0 0 0 0 8952 41720 76 3 [33115, 65448, 65497] 
417.613 33060 0 0 0 0 0 8952 41720 76 3 [33115, 65448, 65497] 
418.614 33060 0 0 0 0 0 8952 41720 76 3 [33115, 65448, 65497] 
419.614 33060 0 0 0 0 0 8952 41720 76 3 [33115, 65448, 65497] 
420.614 33060 0 0 0 0 0 8952 41720 76 3 [33115, 65448, 65497] 
421.614 33060 0 0 0 0 0 8952 41720 76 4 [33115, 65448, 65497, 65498] 
422.614 33060 0 0 0 0 0 8952 41720 76 4 [33115, 65448, 65497, 65498] 
423.614 33060 0 0 0 0 0 8952 41720 76 4 [33115, 65448, 65497, 65498] 
424.614 33060 0 0 1 0 0 8952 41720 76 3 [33115, 65448, 65497] 
425.614 33060 0 0 1 0 0 8952 41720 76 3 [33115, 65448, 65497] 
426.614 33060 0 0 1 0 0 8952 41720 76 3 [33115, 65448, 65497] 
427.614 33060 0 0 1 0 0 8952 41720 76 3 [33115, 65448, 65497] 
428.614 33060 0 0 1 0 0 8952 41720 76 3 [33115, 65448, 65497] 
429.614 33060 0 0 1 0 0 8952 41720 76 2 [33115, 65497] 
430.615 33060 0 0 1 0 0 8952 41720 76 2 [33115, 65497] 
431.615 33060 0 0 1 0 0 8952 41720 76 3 [33115, 65448, 65497] 
432.615 33060 0 0 1 0 0 8952 41720 76 3 [33115, 65448, 65497] 
433.615 33060 0 0 1 0 0 8952 41720 76 4 [33115, 65448, 65497, 65498] 
434.615 33060 0 0 1 0 0 8952 41720 76 4 [33115, 65448, 65497, 65498] 
435.615 33060 0 0 1 0 0 8952 41720 76 3 [33115, 65497, 65498] 
436.615 33060 0 0 1 0 0 8952 41720 76 3 [33115, 65497, 65498] 
437.616 33060 0 0 1 0 0 8952 41720 76 3 [33115, 65497, 65498] 
438.616 33060 0 0 1 0 0 8952 41720 76 3 [33115, 65497, 65498] 
439.616 33060 0 0 1 0 0 8952 41720 76 3 [33115, 65497, 65498] 
440.616 33060 0 0 1 0 0 8952 41720 76 3 [33115, 65497, 65498] 
441.617 33060 0 0 1 0 0 8952 41720 76 3 [33115, 65497, 65498] 
442.617 33060 0 0 1 0 0 8952 41720 76 3 [33115, 65497, 65498] 
443.618 33060 0 0 1 0 0 8952 41720 76 3 [33115, 65497, 65498] 
444.618 33060 0 0 1 0 0 8952 41720 76 3 [33115, 65497, 65498] 
445.619 33060 0 0 1 0 0 8952 41720 76 3 [33115, 65497, 65498] 
446.619 33060 0 0 1 0 0 8952 41720 76 4 [33115, 65448, 65497, 65498] 
447.619 33060 0 0 1 0 0 8952 41720 76 4 [33115, 65448, 65497, 65498] 
448.619 33060 0 0 1 0 0 8952 41720 76 4 [33115, 65448, 65497, 65498] 
449.619 33060 0 0 1 0 0 8952 41720 76 4 [33115, 65448, 65497, 65498] 
450.621 33060 0 0 1 0 0 8952 41720 76 3 [33115, 65448, 65497] 
451.621 33060 0 0 1 0 0 8952 41720 76 4 [33115, 65448, 65497, 65498] 
452.626 33060 0 0 1 0 0 8952 41720 76 4 [33115, 65448, 65497, 65498] 
453.626 33060 0 0 1 0 0 8952 41720 76 4 [33115, 65448, 65497, 65498] 
454.626 33060 0 0 1 0 0 8952 41720 76 4 [33115, 65448, 65497, 65498] 
455.626 33060 0 0 1 0 0 8952 41720 76 4 [33115, 65448, 65497, 65498] 
456.626 33060 0 0 1 0 0 8952 41720 76 4 [33115, 65448, 65497, 65498] 
457.626 33060 0 0 1 0 0 8952 41720 76 3 [33115, 65448, 65497] 
458.627 33060 0 0 1 0 0 8952 41720 76 4 [33115, 65448, 65497, 65498] 
459.628 33060 0 0 1 0 0 8952 41720 76 4 [33115, 65448, 65497, 65498] 
460.628 33060 0 0 1 0 0 8952 41720 76 4 [33115, 65448, 65497, 65498] 
461.628 33060 0 0 1 0 0 8952 41720 76 4 [33115, 65448, 65497, 65498] 
462.628 33060 0 0 1 0 0 8952 41720 76 4 [33115, 65448, 65497, 65498] 
463.628 33060 0 0 1 0 0 8952 41720 76 4 [33115, 65448, 65497, 65498] 
464.628 33060 0 0 1 0 0 8952 41720 76 4 [33115, 65448, 65497, 65498] 
465.628 33060 0 0 1 0 0 8952 41720 76 4 [33115, 65448, 65497, 65498] 
466.628 33060 0 0 1 0 0 8952 41720 76 4 [33115, 65448, 65497, 65498] 
467.634 33060 0 0 1 0 0 8952 41720 76 4 [33115, 65448, 65497, 65498] 
468.637 33060 0 0 1 0 0 8952 41720 76 4 [33115, 65448, 65497, 65498] 
469.637 33060 0 0 1 0 0 8952 41720 76 4 [33115, 65448, 65497, 65498] 
470.637 33060 0 0 1 0 0 8952 41720 76 4 [33115, 65448, 65497, 65498] 
471.637 33060 0 0 1 0 0 8952 41720 76 4 [33115, 65448, 65497, 65498] 
472.637 33060 0 0 1 0 0 8952 41720 76 4 [33115, 65448, 65497, 65498] 
473.637 33060 0 0 1 0 0 8952 41720 76 4 [33115, 65448, 65497, 65498] 
474.637 33060 0 0 1 0 0 8952 41720 76 4 [33115, 65448, 65497, 65498] 
475.638 33060 0 0 1 0 0 8952 41720 76 4 [33115, 65448, 65497, 65498] 
476.638 33060 0 0 1 0 0 8952 41720 76 4 [33115, 65448, 65497, 65498] 
477.638 33060 0 0 1 0 0 8952 41720 76 4 [33115, 65448, 65497, 65498] 
478.639 33060 0 0 1 0 0 8952 41720 76 4 [33115, 65448, 65497, 65498] 
479.639 33060 0 0 1 0 0 8952 41720 76 4 [33115, 65448, 65497, 65498] 
480.639 33060 0 0 1 0 0 8952 41720 76 4 [33115, 65448, 65497, 65498] 
481.639 33060 0 0 1 0 0 8952 41720 76 4 [33115, 65448, 65497, 65498] 
482.639 33060 0 0 1 0 0 8952 41720 76 4 [33115, 65448, 65497, 65498] 
483.639 33060 0 0 1 0 0 8952 41720 76 4 [33115, 65448, 65497, 65498] 
484.639 33060 0 0 1 0 0 8952 41720 76 4 [33115, 65448, 65497, 65498] 
485.639 33060 0 0 1 0 0 8952 41720 76 4 [33115, 65448, 65497, 65498] 
486.639 33060 0 0 1 0 0 8952 41720 76 3 [33115, 65448, 65497] 
487.639 33060 0 0 1 0 0 8952 41720 76 4 [33115, 65448, 65497, 65498] 
488.639 33060 0 0 1 0 0 8952 41720 76 4 [33115, 65448, 65497, 65498] 
489.639 33060 0 0 1 0 0 8952 41720 76 4 [33115, 65448, 65497, 65498] 
490.639 33060 0 0 1 0 0 8952 41720 76 4 [33115, 65448, 65497, 65498] 
491.639 33060 0 0 1 0 0 8952 41720 76 4 [33115, 65448, 65497, 65498] 
492.639 33060 0 0 1 0 0 8952 41720 76 4 [33115, 65448, 65497, 65498] 
493.639 33060 0 0 1 0 0 8952 41720 76 4 [33115, 65448, 65497, 65498] 
494.64 33060 0 0 1 0 0 8952 41720 76 4 [33115, 65448, 65497, 65498] 
495.64 33060 0 0 1 0 0 8952 41720 76 4 [33115, 65448, 65497, 65498] 
496.64 33060 0 0 1 0 0 8952 41720 76 4 [33115, 65448, 65497, 65498] 
497.64 33060 0 0 1 0 0 8952 41720 76 4 [33115, 65448, 65497, 65498] 
498.64 33060 0 0 1 0 0 8952 41720 76 4 [33115, 65448, 65497, 65498] 
499.64 33060 0 0 1 0 0 8952 41720 76 4 [33115, 65448, 65497, 65498] 
500.64 33060 0 0 1 0 0 8952 41720 76 4 [33115, 65448, 65497, 65498] 
501.64 33060 0 0 1 0 0 8952 41720 76 4 [33115, 65448, 65497, 65498] 
502.64 33060 0 0 1 0 0 8952 41720 76 4 [33115, 65448, 65497, 65498] 
503.64 33060 0 0 1 0 0 8952 41720 76 4 [33115, 65448, 65497, 65498] 
504.641 33060 0 0 1 0 0 8952 41720 76 4 [33115, 65448, 65497, 65498] 
505.641 33060 0 0 1 0 0 8952 41720 76 4 [33115, 65448, 65497, 65498] 
506.641 33060 0 0 1 0 0 8952 41720 76 3 [33115, 65448, 65497] 
507.641 33060 0 0 1 0 0 8952 41720 76 3 [33115, 65448, 65497] 
508.641 33060 0 0 1 0 0 8952 41720 76 3 [33115, 65448, 65497] 
509.641 33060 0 0 1 0 0 8952 41720 76 4 [33115, 65448, 65497, 65498] 
510.643 33060 0 0 1 0 0 8952 41720 76 4 [33115, 65448, 65497, 65498] 
511.643 33060 0 0 1 0 0 8952 41720 76 4 [33115, 65448, 65497, 65498] 
512.643 33060 0 0 1 0 0 8952 41720 76 4 [33115, 65448, 65497, 65498] 
513.643 33060 0 0 1 0 0 8952 41720 76 4 [33115, 65448, 65497, 65498] 
514.643 33060 0 0 1 0 0 8952 41720 76 4 [33115, 65448, 65497, 65498] 
515.643 33060 0 0 1 0 0 8952 41720 76 4 [33115, 65448, 65497, 65498] 
516.643 33060 0 0 1 0 0 8952 41720 76 4 [33115, 65448, 65497, 65498] 
517.643 33060 0 0 1 0 0 8952 41720 76 4 [33115, 65448, 65497, 65498] 
518.643 33060 0 0 1 0 0 8952 41720 76 4 [33115, 65448, 65497, 65498] 
519.643 33060 0 0 1 0 0 8952 41720 76 4 [33115, 65448, 65497, 65498] 
520.643 33060 0 0 1 0 0 8952 41720 76 4 [33115, 65448, 65497, 65498] 
521.644 33060 0 0 1 0 0 8952 41720 76 4 [33115, 65448, 65497, 65498] 
522.644 33060 0 0 1 0 0 8952 41720 76 4 [33115, 65448, 65497, 65498] 
523.646 33060 0 0 1 0 0 8952 41720 76 4 [33115, 65448, 65497, 65498] 
524.646 33060 0 0 1 0 0 8952 41720 76 4 [33115, 65448, 65497, 65498] 
525.646 33060 0 0 1 0 0 8952 41720 76 4 [33115, 65448, 65497, 65498] 
526.646 33060 0 0 1 0 0 8952 41720 76 4 [33115, 65448, 65497, 65498] 
527.646 33060 0 0 1 0 0 8952 41720 76 4 [33115, 65448, 65497, 65498] 
528.646 33060 0 0 1 0 0 8952 41720 76 4 [33115, 65448, 65497, 65498] 
529.646 33060 0 0 1 0 0 8952 41720 76 4 [33115, 65448, 65497, 65498] 
530.646 33060 0 0 1 0 0 8952 41720 76 4 [33115, 65448, 65497, 65498] 
531.646 33060 0 0 1 0 0 8952 41720 76 4 [33115, 65448, 65497, 65498] 
532.648 33060 0 0 1 0 0 8952 41720 76 4 [33115, 65448, 65497, 65498] 
533.648 33060 0 0 1 0 0 8952 41720 76 4 [33115, 65448, 65497, 65498] 
534.648 33060 0 0 1 0 0 8952 41720 76 4 [33115, 65448, 65497, 65498] 
535.648 33060 0 0 1 0 0 8952 41720 76 4 [33115, 65448, 65497, 65498] 
536.648 33060 0 0 1 0 0 8952 41720 76 4 [33115, 65448, 65497, 65498] 
537.648 33060 0 0 1 0 0 8952 41720 76 4 [33115, 65448, 65497, 65498] 
538.648 33060 0 0 1 0 0 8952 41720 76 4 [33115, 65448, 65497, 65498] 
539.648 33060 0 0 1 0 0 8952 41720 76 4 [33115, 65448, 65497, 65498] 
540.648 33060 0 0 1 0 0 8952 41720 76 4 [33115, 65448, 65497, 65498] 
541.648 33060 0 0 1 0 1 8952 41720 76 4 [33115, 65448, 65497, 65498] 
542.648 33060 0 0 1 0 1 8952 41720 82 4 [33115, 65448, 65497, 65498] 
543.648 33060 0 0 1 0 1 8952 41720 82 4 [33115, 65448, 65497, 65498] 
544.648 33060 0 0 1 0 1 8952 41720 82 4 [33115, 65448, 65497, 65498] 
545.649 33060 0 0 1 0 1 8952 41720 82 4 [33115, 65448, 65497, 65498] 
546.649 33060 0 0 1 0 1 8952 41720 82 4 [33115, 65448, 65497, 65498] 
547.649 33060 0 0 1 0 1 8952 41720 82 4 [33115, 65448, 65497, 65498] 
548.656 33060 0 0 1 0 1 8952 41720 82 4 [33115, 65448, 65497, 65498] 
549.656 33060 0 0 1 0 1 8952 41720 82 4 [33115, 65448, 65497, 65498] 
550.656 33060 0 0 1 0 1 8952 41720 82 4 [33115, 65448, 65497, 65498] 
551.656 33060 0 0 1 0 1 8952 41720 82 4 [33115, 65448, 65497, 65498] 
552.656 33060 0 0 1 0 1 8952 41720 82 4 [33115, 65448, 65497, 65498] 
553.658 33060 0 0 1 0 1 8952 41720 82 4 [33115, 65448, 65497, 65498] 
554.658 33060 0 0 1 0 1 8952 41720 82 4 [33115, 65448, 65497, 65498] 
555.658 33060 0 0 1 0 1 8952 41720 82 4 [33115, 65448, 65497, 65498] 
556.659 33060 0 0 1 0 1 8952 41720 82 3 [33115, 65448, 65497] 
557.661 33060 0 0 1 0 1 8952 41720 82 3 [33115, 65448, 65497] 
558.661 33060 0 0 1 0 1 8952 41720 82 3 [33115, 65448, 65497] 
559.666 33060 0 0 1 0 1 8952 41720 82 3 [33115, 65448, 65497] 
560.666 33060 0 0 1 0 1 8952 41720 82 3 [33115, 65448, 65497] 
561.666 33060 0 0 1 0 1 8952 41720 82 3 [33115, 65448, 65497] 
562.666 33060 0 0 1 0 1 8952 41720 82 4 [33115, 65448, 65497, 65498] 
563.666 33060 0 0 1 0 1 8952 41720 82 4 [33115, 65448, 65497, 65498] 
564.667 33060 0 0 1 0 1 8952 41720 82 4 [33115, 65448, 65497, 65498] 
565.667 33060 0 0 1 0 1 8952 41720 82 4 [33115, 65448, 65497, 65498] 
566.667 33060 0 0 1 0 1 8952 41720 82 4 [33115, 65448, 65497, 65498] 
567.667 33060 0 0 1 0 1 8952 41720 82 4 [33115, 65448, 65497, 65498] 
568.667 33060 0 0 1 0 1 8952 41720 82 4 [33115, 65448, 65497, 65498] 
569.667 33060 0 0 1 0 1 8952 41720 82 4 [33115, 65448, 65497, 65498] 
570.667 33060 0 0 1 0 1 8952 41720 82 4 [33115, 65448, 65497, 65498] 
571.667 33060 0 0 1 0 1 8952 41720 82 4 [33115, 65448, 65497, 65498] 
572.667 33060 0 0 1 0 1 8952 41720 82 4 [33115, 65448, 65497, 65498] 
573.667 33060 0 0 1 0 1 8952 41720 82 4 [33115, 65448, 65497, 65498] 
574.667 33060 0 0 1 0 1 8952 41720 82 4 [33115, 65448, 65497, 65498] 
575.667 33060 0 0 1 0 1 8952 41720 82 4 [33115, 65448, 65497, 65498] 
576.667 33060 0 0 1 0 1 8952 41720 82 4 [33115, 65448, 65497, 65498] 
577.667 33060 0 0 1 0 1 8952 41720 82 4 [33115, 65448, 65497, 65498] 
578.667 33060 0 0 1 0 1 8952 41720 82 4 [33115, 65448, 65497, 65498] 
579.667 33060 0 0 1 0 1 8952 41720 82 4 [33115, 65448, 65497, 65498] 
580.667 33060 0 0 1 0 1 8952 41720 82 4 [33115, 65448, 65497, 65498] 
581.667 33060 0 0 1 0 1 8952 41720 82 4 [33115, 65448, 65497, 65498] 
582.668 33060 0 0 1 0 1 8952 41720 82 4 [33115, 65448, 65497, 65498] 
583.668 33060 0 0 1 0 1 8952 41720 82 4 [33115, 65448, 65497, 65498] 
584.669 33060 0 0 1 0 1 8952 41720 82 4 [33115, 65448, 65497, 65498] 
585.669 33060 0 0 1 0 1 8952 41720 82 4 [33115, 65448, 65497, 65498] 
586.669 33060 0 0 1 0 1 8952 41720 82 4 [33115, 65448, 65497, 65498] 
587.669 33060 0 0 1 0 1 8952 41720 82 4 [33115, 65448, 65497, 65498] 
588.669 33060 0 0 1 0 1 8952 41720 82 4 [33115, 65448, 65497, 65498] 
589.669 33060 0 0 1 0 1 8952 41720 82 4 [33115, 65448, 65497, 65498] 
590.669 33060 0 0 1 0 1 8952 41720 82 4 [33115, 65448, 65497, 65498] 
591.671 33060 0 0 1 0 1 8952 41720 82 4 [33115, 65448, 65497, 65498] 
592.671 33060 0 0 1 0 1 8952 41720 82 4 [33115, 65448, 65497, 65498] 
593.671 33060 0 0 1 0 1 8952 41720 82 4 [33115, 65448, 65497, 65498] 
594.671 33060 0 0 1 0 1 8952 41720 82 4 [33115, 65448, 65497, 65498] 
595.671 33060 0 0 1 0 1 8952 41720 82 4 [33115, 65448, 65497, 65498] 
596.679 33060 0 0 1 0 1 8952 41720 82 4 [33115, 65448, 65497, 65498] 
597.679 33060 0 0 1 0 1 8952 41720 82 4 [33115, 65448, 65497, 65498] 
598.679 33060 0 0 1 0 1 8952 41720 82 4 [33115, 65448, 65497, 65498] 
599.679 33060 0 0 1 0 1 8952 41720 82 4 [33115, 65448, 65497, 65498] 
600.679 33060 0 0 1 0 1 8952 41720 82 4 [33115, 65448, 65497, 65498] 
601.679 33060 0 0 1 0 1 8952 41720 82 4 [33115, 65448, 65497, 65498] 
602.679 33060 0 0 1 0 1 8952 41720 82 4 [33115, 65448, 65497, 65498] 
603.679 33060 0 0 1 0 1 8952 41720 82 4 [33115, 65448, 65497, 65498] 
604.679 33060 0 0 1 0 1 8952 41720 82 4 [33115, 65448, 65497, 65498] 
605.679 33060 0 0 1 0 1 8952 41720 82 4 [33115, 65448, 65497, 65498] 
606.679 33060 0 0 1 0 1 8952 41720 82 4 [33115, 65448, 65497, 65498] 
607.679 33060 0 0 1 0 1 8952 41720 82 4 [33115, 65448, 65497, 65498] 
608.679 33060 0 0 1 0 1 8952 41720 82 4 [33115, 65448, 65497, 65498] 
609.68 33060 0 0 1 0 1 8952 41720 82 4 [33115, 65448, 65497, 65498] 
610.68 33060 0 0 1 0 1 8952 41720 82 4 [33115, 65448, 65497, 65498] 
611.68 33060 0 0 1 0 1 8952 41720 82 4 [33115, 65448, 65497, 65498] 
612.68 33060 0 0 1 0 1 8952 41720 82 4 [33115, 65448, 65497, 65498] 
613.68 33060 0 0 1 0 1 8952 41720 82 4 [33115, 65448, 65497, 65498] 
614.68 33060 0 0 1 0 1 8952 41720 82 4 [33115, 65448, 65497, 65498] 
615.68 33060 0 0 1 0 1 8952 41720 82 4 [33115, 65448, 65497, 65498] 
616.68 33060 0 0 1 0 1 8952 41720 82 4 [33115, 65448, 65497, 65498] 
617.68 33060 0 0 1 0 1 8952 41720 82 4 [33115, 65448, 65497, 65498] 
618.68 33060 0 0 1 0 1 8952 41720 82 4 [33115, 65448, 65497, 65498] 
619.68 33060 0 0 1 0 1 8952 41720 82 4 [33115, 65448, 65497, 65498] 
620.68 33060 0 0 1 0 1 8952 41720 82 4 [33115, 65448, 65497, 65498] 
621.68 33060 0 0 1 0 1 8952 41720 82 4 [33115, 65448, 65497, 65498] 
622.68 33060 0 0 1 0 1 8952 41720 82 4 [33115, 65448, 65497, 65498] 
623.68 33060 0 0 1 0 1 8952 41720 82 4 [33115, 65448, 65497, 65498] 
624.68 33060 0 0 1 0 1 8952 41720 82 4 [33115, 65448, 65497, 65498] 
625.683 33060 0 0 1 0 1 8952 41720 82 4 [33115, 65448, 65497, 65498] 
626.683 33060 0 0 1 0 1 8952 41720 82 4 [33115, 65448, 65497, 65498] 
627.683 33060 0 0 1 0 1 8952 41720 82 4 [33115, 65448, 65497, 65498] 
628.683 33060 0 0 1 0 1 8952 41720 82 4 [33115, 65448, 65497, 65498] 
629.683 33060 0 0 1 0 1 8952 41720 82 4 [33115, 65448, 65497, 65498] 
630.683 33060 0 0 1 0 1 8952 41720 82 4 [33115, 65448, 65497, 65498] 
631.683 33060 0 0 1 0 1 8952 41720 82 4 [33115, 65448, 65497, 65498] 
632.683 33060 0 0 1 0 1 8952 41720 82 4 [33115, 65448, 65497, 65498] 
633.683 33060 0 0 1 0 1 8952 41720 82 4 [33115, 65448, 65497, 65498] 
634.683 33060 0 0 1 0 1 8952 41720 82 4 [33115, 65448, 65497, 65498] 
635.683 33060 0 0 1 0 1 8952 41720 82 4 [33115, 65448, 65497, 65498] 
636.683 33060 0 0 1 0 1 8952 41720 82 4 [33115, 65448, 65497, 65498] 
637.683 33060 0 0 1 0 1 8952 41720 82 4 [33115, 65448, 65497, 65498] 
638.683 33060 0 0 1 0 1 8952 41720 82 4 [33115, 65448, 65497, 65498] 
639.683 33060 0 0 1 0 1 8952 41720 82 4 [33115, 65448, 65497, 65498] 
640.683 33060 0 0 1 0 1 8952 41720 82 4 [33115, 65448, 65497, 65498] 
641.683 33060 0 0 1 0 1 8952 41720 82 4 [33115, 65448, 65497, 65498] 
642.683 33060 0 0 1 0 1 8952 41720 82 4 [33115, 65448, 65497, 65498] 
643.683 33060 0 0 1 0 1 8952 41720 82 4 [33115, 65448, 65497, 65498] 
644.685 33060 0 0 1 0 1 8952 41720 82 4 [33115, 65448, 65497, 65498] 
645.685 33060 0 0 1 0 1 8952 41720 82 4 [33115, 65448, 65497, 65498] 
646.685 33060 0 0 1 0 1 8952 41720 82 4 [33115, 65448, 65497, 65498] 
647.685 33060 0 0 1 0 1 8952 41720 82 4 [33115, 65448, 65497, 65498] 
648.685 33060 0 0 1 0 1 8952 41720 82 4 [33115, 65448, 65497, 65498] 
649.687 33060 0 0 1 0 1 8952 41720 82 4 [33115, 65448, 65497, 65498] 
650.687 33060 0 0 1 0 1 8952 41720 82 4 [33115, 65448, 65497, 65498] 
651.687 33060 0 0 1 0 1 8952 41720 82 4 [33115, 65448, 65497, 65498] 
652.687 33060 0 0 1 0 1 8952 41720 82 4 [33115, 65448, 65497, 65498] 
653.687 33060 0 0 1 0 1 8952 41720 82 4 [33115, 65448, 65497, 65498] 
654.687 33060 0 0 1 0 1 8952 41720 82 4 [33115, 65448, 65497, 65498] 
655.687 33060 0 0 1 0 1 8952 41720 82 4 [33115, 65448, 65497, 65498] 
656.688 33060 0 0 1 0 1 8952 41720 82 4 [33115, 65448, 65497, 65498] 
657.688 33060 0 0 1 0 1 8952 41720 82 4 [33115, 65448, 65497, 65498] 
658.688 33060 0 0 1 0 1 8952 41720 82 4 [33115, 65448, 65497, 65498] 
659.696 33060 0 0 1 0 1 8952 41720 82 4 [33115, 65448, 65497, 65498] 
660.696 33060 0 0 1 0 1 8952 41720 82 4 [33115, 65448, 65497, 65498] 
661.696 33060 0 0 1 0 1 8952 41720 82 4 [33115, 65448, 65497, 65498] 
662.696 33060 0 0 1 0 1 8952 41720 82 4 [33115, 65448, 65497, 65498] 
663.696 33060 0 0 1 0 1 8952 41720 82 4 [33115, 65448, 65497, 65498] 
664.696 33060 0 0 1 0 1 8952 41720 82 4 [33115, 65448, 65497, 65498] 
665.696 33060 0 0 1 0 1 8952 41720 82 4 [33115, 65448, 65497, 65498] 
666.696 33060 0 0 1 0 1 8952 41720 82 4 [33115, 65448, 65497, 65498] 
667.696 33060 0 0 1 0 1 8952 41720 82 4 [33115, 65448, 65497, 65498] 
668.696 33060 0 0 1 0 1 8952 41720 82 4 [33115, 65448, 65497, 65498] 
669.696 33060 0 0 1 0 1 8952 41720 82 4 [33115, 65448, 65497, 65498] 
670.696 33060 0 0 1 0 1 8952 41720 82 4 [33115, 65448, 65497, 65498] 
671.696 33060 0 0 1 0 1 8952 41720 82 4 [33115, 65448, 65497, 65498] 
672.698 33060 0 0 1 0 1 8952 41720 82 4 [33115, 65448, 65497, 65498] 
673.698 33060 0 0 1 0 1 8952 41720 82 4 [33115, 65448, 65497, 65498] 
674.698 33060 0 0 1 0 1 8952 41720 82 4 [33115, 65448, 65497, 65498] 
675.698 33060 0 0 1 0 1 8952 41720 82 4 [33115, 65448, 65497, 65498] 
676.698 33060 0 0 1 0 1 8952 41720 82 4 [33115, 65448, 65497, 65498] 
677.698 33060 0 0 1 0 1 8952 41720 82 4 [33115, 65448, 65497, 65498] 
678.698 33060 0 0 1 0 1 8952 41720 82 4 [33115, 65448, 65497, 65498] 
679.699 33060 0 0 1 0 0 8952 41720 82 4 [33115, 65448, 65497, 65498] 
680.699 33060 0 0 1 0 0 8952 41720 82 4 [33115, 65448, 65497, 65498] 
681.699 33060 0 0 1 0 0 8952 41720 82 4 [33115, 65448, 65497, 65498] 
682.699 33060 0 0 1 0 0 8952 41720 82 4 [33115, 65448, 65497, 65498] 
683.699 33060 0 0 1 0 0 8952 41720 82 4 [33115, 65448, 65497, 65498] 
684.699 33060 0 0 1 0 0 8952 41720 82 4 [33115, 65448, 65497, 65498] 
685.699 33060 0 0 1 0 0 8952 41720 82 4 [33115, 65448, 65497, 65498] 
686.699 33060 0 0 1 0 0 8952 41720 82 4 [33115, 65448, 65497, 65498] 
687.699 33060 0 0 1 0 0 8952 41720 82 4 [33115, 65448, 65497, 65498] 
688.699 33060 0 0 1 0 0 8952 41720 82 4 [33115, 65448, 65497, 65498] 
689.699 33060 0 0 1 0 0 8952 41720 82 4 [33115, 65448, 65497, 65498] 
690.699 33060 0 0 1 0 0 8952 41720 82 4 [33115, 65448, 65497, 65498] 
691.699 33060 0 0 1 0 0 8952 41720 82 4 [33115, 65448, 65497, 65498] 
692.699 33060 0 0 1 0 0 8952 41720 82 4 [33115, 65448, 65497, 65498] 
693.7 33060 0 0 1 0 0 8952 41720 82 4 [33115, 65448, 65497, 65498] 
694.7 33060 0 0 1 0 0 8952 41720 82 4 [33115, 65448, 65497, 65498] 
695.7 33060 0 0 1 0 0 8952 41720 82 4 [33115, 65448, 65497, 65498] 
696.7 33060 0 0 1 0 0 8952 41720 82 4 [33115, 65448, 65497, 65498] 
697.7 33060 0 0 1 0 0 8952 41720 82 4 [33115, 65448, 65497, 65498] 
698.7 33060 0 0 1 0 0 8952 41720 82 4 [33115, 65448, 65497, 65498] 
699.7 33060 0 0 1 0 0 8952 41720 82 4 [33115, 65448, 65497, 65498] 
700.7 33060 0 0 1 0 0 8952 41720 82 4 [33115, 65448, 65497, 65498] 
701.7 33060 0 0 1 0 0 8952 41720 82 4 [33115, 65448, 65497, 65498] 
702.7 33060 0 0 1 0 0 8952 41720 82 4 [33115, 65448, 65497, 65498] 
703.7 33060 0 0 1 0 0 8952 41720 82 3 [33115, 65448, 65497] 
704.7 33060 0 0 1 0 0 8952 41720 82 4 [33115, 65448, 65497, 65498] 
705.7 33060 0 0 1 0 0 8952 41720 82 4 [33115, 65448, 65497, 65498] 
706.7 33060 0 0 1 0 0 8952 41720 82 4 [33115, 65448, 65497, 65498] 
707.7 33060 0 0 1 0 0 8952 41720 82 4 [33115, 65448, 65497, 65498] 
708.7 33060 0 0 1 0 0 8952 41720 82 4 [33115, 65448, 65497, 65498] 
709.7 33060 0 0 1 0 0 8952 41720 82 4 [33115, 65448, 65497, 65498] 
710.702 33060 0 0 1 0 0 8952 41720 82 4 [33115, 65448, 65497, 65498] 
711.702 33060 0 0 1 0 0 8952 41720 82 4 [33115, 65448, 65497, 65498] 
712.702 33060 0 0 1 0 0 8952 41720 82 4 [33115, 65448, 65497, 65498] 
713.702 33060 0 0 1 0 0 8952 41720 82 4 [33115, 65448, 65497, 65498] 
714.702 33060 0 0 1 0 0 8952 41720 82 4 [33115, 65448, 65497, 65498] 
715.702 33060 0 0 1 0 0 8952 41720 82 4 [33115, 65448, 65497, 65498] 
716.702 33060 0 0 1 0 0 8952 41720 82 4 [33115, 65448, 65497, 65498] 
717.702 33060 0 0 1 0 0 8952 41720 82 4 [33115, 65448, 65497, 65498] 
718.702 33060 0 0 1 0 0 8952 41720 82 4 [33115, 65448, 65497, 65498] 
719.702 33060 0 0 1 0 0 8952 41720 82 4 [33115, 65448, 65497, 65498] 
720.704 33060 0 0 1 0 0 8952 41720 82 4 [33115, 65448, 65497, 65498] 
721.705 33060 0 0 1 0 0 8952 41720 82 4 [33115, 65448, 65497, 65498] 
722.709 33060 0 0 1 0 0 8952 41720 82 4 [33115, 65448, 65497, 65498] 
723.709 33060 0 0 1 0 0 8952 41720 82 4 [33115, 65448, 65497, 65498] 
724.709 33060 0 0 1 0 0 8952 41720 82 4 [33115, 65448, 65497, 65498] 
725.712 33060 0 0 1 0 0 8952 41720 82 4 [33115, 65448, 65497, 65498] 
726.712 33060 0 0 1 0 0 8952 41720 82 4 [33115, 65448, 65497, 65498] 
727.712 33060 0 0 1 0 0 8952 41720 82 4 [33115, 65448, 65497, 65498] 
728.712 33060 0 0 1 0 0 8952 41720 82 4 [33115, 65448, 65497, 65498] 
729.712 33060 0 0 1 0 0 8952 41720 82 4 [33115, 65448, 65497, 65498] 
730.712 33060 0 0 1 0 0 8952 41720 82 4 [33115, 65448, 65497, 65498] 
731.712 33060 0 0 1 0 0 8952 41720 82 4 [33115, 65448, 65497, 65498] 
732.712 33060 0 0 1 0 0 8952 41720 82 4 [33115, 65448, 65497, 65498] 
733.712 33060 0 0 1 0 0 8952 41720 82 4 [33115, 65448, 65497, 65498] 
734.712 33060 0 0 1 0 0 8952 41720 82 4 [33115, 65448, 65497, 65498] 
735.712 33060 0 0 1 0 0 8952 41720 82 4 [33115, 65448, 65497, 65498] 
736.714 33060 0 0 1 0 0 8952 41720 82 4 [33115, 65448, 65497, 65498] 
737.714 33060 0 0 1 0 0 8952 41720 82 4 [33115, 65448, 65497, 65498] 
738.714 33060 0 0 1 0 0 8952 41720 82 4 [33115, 65448, 65497, 65498] 
739.716 33060 0 0 1 0 0 8952 41720 82 4 [33115, 65448, 65497, 65498] 
740.716 33060 0 0 1 0 0 8952 41720 82 4 [33115, 65448, 65497, 65498] 
741.716 33060 0 0 1 0 0 8952 41720 82 4 [33115, 65448, 65497, 65498] 
742.718 33060 0 0 1 0 0 8952 41720 82 4 [33115, 65448, 65497, 65498] 
743.718 33060 0 0 1 0 0 8952 41720 82 4 [33115, 65448, 65497, 65498] 
744.718 33060 0 0 1 0 0 8952 41720 82 4 [33115, 65448, 65497, 65498] 
745.718 33060 0 0 1 0 0 8952 41720 82 3 [33115, 65448, 65497] 
746.718 33060 0 0 1 0 0 8952 41720 82 3 [33115, 65448, 65497] 
747.718 33060 0 0 1 0 0 8952 41720 82 3 [33115, 65448, 65497] 
748.718 33060 0 0 1 0 0 8952 41720 82 3 [33115, 65448, 65497] 
749.718 33060 0 0 1 0 0 8952 41720 82 3 [33115, 65448, 65497] 
750.718 33060 0 0 1 0 0 8952 41720 82 3 [33115, 65448, 65497] 
751.718 33060 0 0 1 0 0 8952 41720 82 4 [33115, 65448, 65497, 65498] 
752.718 33060 0 0 1 0 0 8952 41720 82 4 [33115, 65448, 65497, 65498] 
753.718 33060 0 0 1 0 0 8952 41720 82 4 [33115, 65448, 65497, 65498] 
754.718 33060 0 0 1 0 0 8952 41720 82 4 [33115, 65448, 65497, 65498] 
755.718 33060 0 0 1 0 0 8952 41720 82 4 [33115, 65448, 65497, 65498] 
756.718 33060 0 0 1 0 0 8952 41720 82 4 [33115, 65448, 65497, 65498] 
757.718 33060 0 0 1 0 0 8952 41720 82 4 [33115, 65448, 65497, 65498] 
758.718 33060 0 0 1 0 0 8952 41720 82 3 [33115, 65448, 65497] 
759.718 33060 0 0 1 0 0 8952 41720 82 3 [33115, 65448, 65497] 
760.718 33060 0 0 1 0 0 8952 41720 82 3 [33115, 65448, 65497] 
761.718 33060 0 0 1 0 0 8952 41720 82 3 [33115, 65448, 65497] 
762.718 33060 0 0 1 0 0 8952 41720 82 3 [33115, 65448, 65497] 
763.718 33060 0 0 1 0 0 8952 41720 82 3 [33115, 65448, 65497] 
764.718 33060 0 0 1 0 0 8952 41720 82 4 [33115, 65448, 65497, 65498] 
765.719 33060 0 0 1 0 0 8952 41720 82 4 [33115, 65448, 65497, 65498] 
766.719 33060 0 0 1 0 0 8952 41720 82 4 [33115, 65448, 65497, 65498] 
767.719 33060 0 0 1 0 0 8952 41720 82 3 [33115, 65448, 65497] 
768.719 33060 0 0 1 0 0 8952 41720 82 4 [33115, 65448, 65497, 65498] 
769.719 33060 0 0 1 0 0 8952 41720 82 4 [33115, 65448, 65497, 65498] 
770.719 33060 0 0 1 0 0 8952 41720 82 4 [33115, 65448, 65497, 65498] 
771.72 33060 0 0 1 0 0 8952 41720 82 4 [33115, 65448, 65497, 65498] 
772.72 33060 0 0 1 0 0 8952 41720 82 4 [33115, 65448, 65497, 65498] 
773.72 33060 0 0 1 0 0 8952 41720 82 4 [33115, 65448, 65497, 65498] 
774.72 33060 0 0 0 0 0 8952 41720 82 3 [33115, 65448, 65497] 
775.72 33060 0 0 0 0 0 8952 41720 82 3 [33115, 65448, 65497] 
776.72 33060 0 0 0 0 0 8952 41720 82 3 [33115, 65448, 65497] 
777.72 33060 0 0 0 0 0 8952 41720 82 3 [33115, 65448, 65497] 
778.72 33060 0 0 0 0 0 8952 41720 82 3 [33115, 65448, 65497] 
779.72 33060 0 0 0 0 0 8952 41720 82 3 [33115, 65448, 65497] 
780.72 33060 0 0 0 0 0 8952 41720 82 3 [33115, 65448, 65497] 
781.72 33060 0 0 1 0 0 8952 41720 82 3 [33115, 65448, 65497] 
782.72 33060 0 0 1 0 0 8952 41720 82 4 [33115, 65448, 65497, 65498] 
783.72 33060 0 0 1 0 0 8952 41720 82 4 [33115, 65448, 65497, 65498] 
784.72 33060 0 0 1 0 0 8952 41720 82 4 [33115, 65448, 65497, 65498] 
785.72 33060 0 0 1 0 0 8952 41720 82 3 [33115, 65448, 65497] 
786.72 33060 0 0 1 0 0 8952 41720 82 3 [33115, 65448, 65497] 
787.72 33060 0 0 1 0 0 8952 41720 82 3 [33115, 65448, 65497] 
788.72 33060 0 0 1 0 0 8952 41720 82 3 [33115, 65448, 65497] 
789.72 33060 0 0 1 0 0 8952 41720 82 3 [33115, 65448, 65497] 
790.72 33060 0 0 1 0 0 8952 41720 82 3 [33115, 65448, 65497] 
791.72 33060 0 0 1 0 0 8952 41720 82 3 [33115, 65448, 65497] 
792.72 33060 0 0 1 0 0 8952 41720 82 3 [33115, 65448, 65497] 
793.72 33060 0 0 1 0 0 8952 41720 82 3 [33115, 65448, 65497] 
794.72 33060 0 0 1 0 0 8952 41720 82 3 [33115, 65448, 65497] 
795.72 33060 0 0 1 0 0 8952 41720 82 3 [33115, 65448, 65497] 
796.72 33060 0 0 0 0 0 8952 41720 82 3 [33115, 65448, 65497] 
797.72 33060 0 0 0 0 0 8952 41720 82 4 [33115, 65448, 65497, 65498] 
798.72 33060 0 0 0 0 0 8952 41720 82 4 [33115, 65448, 65497, 65498] 
799.72 33060 0 0 0 0 0 8952 41720 82 4 [33115, 65448, 65497, 65498] 
800.72 33060 0 0 1 0 0 8952 41720 82 3 [33115, 65448, 65497] 
801.72 33060 0 0 1 0 0 8952 41720 82 3 [33115, 65448, 65497] 
802.72 33060 0 0 1 0 0 8952 41720 82 3 [33115, 65448, 65497] 
803.721 33060 0 0 1 0 0 8952 41720 82 3 [33115, 65448, 65497] 
804.721 33060 0 0 1 0 0 8952 41720 82 3 [33115, 65448, 65497] 
805.721 33060 0 0 1 0 0 8952 41720 82 3 [33115, 65448, 65497] 
806.721 33060 0 0 1 0 0 8952 41720 82 3 [33115, 65448, 65497] 
807.721 33060 0 0 1 0 0 8952 41720 82 3 [33115, 65448, 65497] 
808.721 33060 0 0 1 0 0 8952 41720 82 3 [33115, 65448, 65497] 
809.721 33060 0 0 1 0 0 8952 41720 82 3 [33115, 65448, 65497] 
810.721 33060 0 0 1 0 0 8952 41720 82 3 [33115, 65448, 65497] 
811.721 33060 0 0 1 0 0 8952 41720 82 3 [33115, 65448, 65497] 
812.721 33060 0 0 1 0 0 8952 41720 82 3 [33115, 65448, 65497] 
813.721 33060 0 0 1 0 0 8952 41720 82 3 [33115, 65448, 65497] 
814.721 33060 0 0 1 0 0 8952 41720 82 3 [33115, 65448, 65497] 
815.721 33060 0 0 1 0 0 8952 41720 82 3 [33115, 65448, 65497] 
816.721 33060 0 0 1 0 0 8952 41720 82 3 [33115, 65448, 65497] 
817.721 33060 0 0 1 0 0 8952 41720 82 3 [33115, 65448, 65497] 
818.721 33060 0 0 1 0 0 8952 41720 82 3 [33115, 65448, 65497] 
819.721 33060 0 0 1 0 0 8952 41720 82 3 [33115, 65448, 65497] 
820.721 33060 0 0 1 0 0 8952 41720 82 3 [33115, 65448, 65497] 
821.721 33060 0 0 1 0 0 8952 41720 82 3 [33115, 65448, 65497] 
822.721 33060 0 0 1 0 0 8952 41720 82 3 [33115, 65448, 65497] 
823.721 33060 0 0 1 0 0 8952 41720 82 3 [33115, 65448, 65497] 
824.721 33060 0 0 1 0 0 8952 41720 82 2 [33115, 65497] 
825.721 33060 0 0 1 0 0 8952 41720 82 2 [33115, 65497] 
826.721 33060 0 0 1 0 0 8952 41720 82 3 [33115, 65448, 65497] 
827.721 33060 0 0 1 0 0 8952 41720 82 3 [33115, 65448, 65497] 
828.721 33060 0 0 1 0 0 8952 41720 82 3 [33115, 65448, 65497] 
829.721 33060 0 0 1 0 0 8952 41720 82 3 [33115, 65448, 65497] 
830.721 33060 0 0 1 0 0 8952 41720 82 3 [33115, 65448, 65497] 
831.721 33060 0 0 1 0 0 8952 41720 82 3 [33115, 65448, 65497] 
832.721 33060 0 0 1 0 0 8952 41720 82 3 [33115, 65448, 65497] 
833.721 33060 0 0 1 0 0 8952 41720 82 3 [33115, 65448, 65497] 
834.721 33060 0 0 1 0 0 8952 41720 82 3 [33115, 65448, 65497] 
835.721 33060 0 0 1 0 0 8952 41720 82 3 [33115, 65448, 65497] 
836.721 33060 0 0 1 0 0 8952 41720 82 3 [33115, 65448, 65497] 
837.721 33060 0 0 1 0 0 8952 41720 82 3 [33115, 65448, 65497] 
838.721 33060 0 0 1 0 0 8952 41720 82 3 [33115, 65448, 65497] 
839.722 33060 0 0 1 0 0 8952 41720 82 3 [33115, 65448, 65497] 
840.722 33060 0 0 1 0 0 8952 41720 82 3 [33115, 65448, 65497] 
841.729 33060 0 0 1 0 0 8952 41720 82 3 [33115, 65448, 65497] 
842.729 33060 0 0 1 0 0 8952 41720 82 3 [33115, 65448, 65497] 
843.729 33060 0 0 1 0 0 8952 41720 82 3 [33115, 65448, 65497] 
844.729 33060 0 0 1 0 0 8952 41720 82 3 [33115, 65448, 65497] 
845.729 33060 0 0 1 0 0 8952 41720 82 3 [33115, 65448, 65497] 
846.729 33060 0 0 1 0 0 8952 41720 82 3 [33115, 65448, 65497] 
847.729 33060 0 0 1 0 0 8952 41720 82 3 [33115, 65448, 65497] 
848.729 33060 0 0 1 0 0 8952 41720 82 3 [33115, 65448, 65497] 
849.729 33060 0 0 1 0 0 8952 41720 82 3 [33115, 65448, 65497] 
850.729 33060 0 0 1 0 0 8952 41720 82 4 [33115, 65448, 65497, 65498] 
851.729 33060 0 0 1 0 0 8952 41720 82 3 [33115, 65497, 65498] 
852.729 33060 0 0 1 0 0 8952 41720 82 3 [33115, 65497, 65498] 
853.729 33060 0 0 1 0 0 8952 41720 82 2 [33115, 65497] 
854.729 33060 0 0 1 0 0 8952 41720 82 2 [33115, 65497] 
855.729 33060 0 0 1 0 0 8952 41720 82 2 [33115, 65497] 
856.729 33060 0 0 1 0 0 8952 41720 82 3 [33115, 65448, 65497] 
857.729 33060 0 0 1 0 0 8952 41720 82 4 [33115, 65448, 65497, 65498] 
858.729 33060 0 0 1 0 0 8952 41720 82 4 [33115, 65448, 65497, 65498] 
859.729 33060 0 0 1 0 0 8952 41720 82 4 [33115, 65448, 65497, 65498] 
860.729 33060 0 0 1 0 0 8952 41720 82 3 [33115, 65448, 65497] 
861.729 33060 0 0 1 0 0 8952 41720 82 3 [33115, 65448, 65497] 
862.729 33060 0 0 1 0 0 8952 41720 82 3 [33115, 65448, 65497] 
863.729 33060 0 0 1 0 0 8952 41720 82 3 [33115, 65448, 65497] 
864.729 33060 0 0 1 0 0 8952 41720 82 3 [33115, 65448, 65497] 
865.729 33060 0 0 1 0 0 8952 41720 82 3 [33115, 65448, 65497] 
866.729 33060 0 0 1 0 0 8952 41720 82 3 [33115, 65448, 65497] 
867.729 33060 0 0 1 0 0 8952 41720 82 3 [33115, 65448, 65497] 
868.729 33060 0 0 1 0 0 8952 41720 82 3 [33115, 65448, 65497] 
869.729 33060 0 0 1 0 0 8952 41720 82 3 [33115, 65448, 65497] 
870.729 33060 0 0 1 0 0 8952 41720 82 3 [33115, 65448, 65497] 
871.729 33060 0 0 1 0 0 8952 41720 82 3 [33115, 65448, 65497] 
872.729 33060 0 0 1 0 0 8952 41720 82 3 [33115, 65448, 65497] 
873.729 33060 0 0 1 0 0 8952 41720 82 3 [33115, 65448, 65497] 
874.729 33060 0 0 1 0 0 8952 41720 82 3 [33115, 65448, 65497] 
875.729 33060 0 0 1 0 0 8952 41720 82 3 [33115, 65448, 65497] 
876.729 33060 0 0 1 0 0 8952 41720 82 3 [33115, 65448, 65497] 
877.729 33060 0 0 1 0 0 8952 41720 82 3 [33115, 65448, 65497] 
878.729 33060 0 0 0 0 0 8952 41720 82 3 [33115, 65448, 65497] 
879.729 33060 0 0 0 0 0 8952 41720 82 3 [33115, 65448, 65497] 
880.729 33060 0 0 0 0 0 8952 41720 82 3 [33115, 65448, 65497] 
881.729 33060 0 0 0 0 0 8952 41720 82 3 [33115, 65448, 65497] 
882.729 33060 0 0 1 0 0 8952 41720 82 3 [33115, 65448, 65497] 
883.729 33060 0 0 1 0 0 8952 41720 82 3 [33115, 65448, 65497] 
884.73 33060 0 0 1 0 0 8952 41720 82 3 [33115, 65448, 65497] 
885.73 33060 0 0 1 0 0 8952 41720 82 3 [33115, 65448, 65497] 
886.73 33060 0 0 1 0 0 8952 41720 82 3 [33115, 65448, 65497] 
887.73 33060 0 0 1 0 0 8952 41720 82 3 [33115, 65448, 65497] 
888.73 33060 0 0 1 0 0 8952 41720 82 3 [33115, 65448, 65497] 
889.73 33060 0 0 1 0 0 8952 41720 82 3 [33115, 65448, 65497] 
890.73 33060 0 0 1 0 0 8952 41720 82 3 [33115, 65448, 65497] 
891.73 33060 0 0 1 0 0 8952 41720 82 3 [33115, 65448, 65497] 
892.73 33060 0 0 1 0 0 8952 41720 82 3 [33115, 65448, 65497] 
893.73 33060 0 0 1 0 0 8952 41720 82 3 [33115, 65448, 65497] 
894.73 33060 0 0 1 0 0 8952 41720 82 3 [33115, 65448, 65497] 
895.73 33060 0 0 1 0 0 8952 41720 82 3 [33115, 65448, 65497] 
896.73 33060 0 0 1 0 0 8952 41720 82 3 [33115, 65448, 65497] 
897.73 33060 0 0 1 0 0 8952 41720 82 3 [33115, 65448, 65497] 
898.73 33060 0 0 1 0 0 8952 41720 82 3 [33115, 65448, 65497] 
899.73 33060 0 0 1 0 0 8952 41720 82 3 [33115, 65448, 65497] 
900.73 33060 0 0 1 0 0 8952 41720 82 3 [33115, 65448, 65497] 
901.73 33060 0 0 1 0 0 8952 41720 82 3 [33115, 65448, 65497] 
902.73 33060 0 0 1 0 0 8952 41720 82 3 [33115, 65448, 65497] 
903.73 33060 0 0 1 0 0 8952 41720 82 3 [33115, 65448, 65497] 
904.73 33060 0 0 1 0 0 8952 41720 82 3 [33115, 65448, 65497] 
905.73 33060 0 0 1 0 0 8952 41720 82 3 [33115, 65448, 65497] 
906.73 33060 0 0 1 0 0 8952 41720 82 3 [33115, 65448, 65497] 
907.73 33060 0 0 1 0 0 8952 41720 82 3 [33115, 65448, 65497] 
908.73 33060 0 0 1 0 0 8952 41720 82 3 [33115, 65448, 65497] 
909.73 33060 0 0 1 0 0 8952 41720 82 3 [33115, 65448, 65497] 
910.73 33060 0 0 1 0 0 8952 41720 82 3 [33115, 65448, 65497] 
911.73 33060 0 0 1 0 0 8952 41720 82 3 [33115, 65448, 65497] 
912.73 33060 0 0 1 0 0 8952 41720 82 3 [33115, 65448, 65497] 
913.73 33060 0 0 1 0 0 8952 41720 82 3 [33115, 65448, 65497] 
914.73 33060 0 0 1 0 0 8952 41720 82 3 [33115, 65448, 65497] 
915.73 33060 0 0 1 0 0 8952 41720 82 3 [33115, 65448, 65497] 
916.73 33060 0 0 1 0 0 8952 41720 82 3 [33115, 65448, 65497] 
917.73 33060 0 0 1 0 0 8952 41720 82 3 [33115, 65448, 65497] 
918.73 33060 0 0 1 0 0 8952 41720 82 3 [33115, 65448, 65497] 
919.73 33060 0 0 1 0 0 8952 41720 82 3 [33115, 65448, 65497] 
920.73 33060 0 0 1 0 0 8952 41720 82 3 [33115, 65448, 65497] 
921.73 33060 0 0 1 0 0 8952 41720 82 3 [33115, 65448, 65497] 
922.73 33060 0 0 1 0 0 8952 41720 82 3 [33115, 65448, 65497] 
923.73 33060 0 0 1 0 0 8952 41720 82 3 [33115, 65448, 65497] 
924.73 33060 0 0 1 0 0 8952 41720 82 3 [33115, 65448, 65497] 
925.73 33060 0 0 1 0 0 8952 41720 82 3 [33115, 65448, 65497] 
926.73 33060 0 0 1 0 0 8952 41720 82 3 [33115, 65448, 65497] 
927.73 33060 0 0 1 0 0 8952 41720 82 3 [33115, 65448, 65497] 
928.73 33060 0 0 1 0 0 8952 41720 82 3 [33115, 65448, 65497] 
929.73 33060 0 0 1 0 0 8952 41720 82 3 [33115, 65448, 65497] 
930.73 33060 0 0 1 0 0 8952 41720 82 3 [33115, 65448, 65497] 
931.73 33060 0 0 1 0 0 8952 41720 82 3 [33115, 65448, 65497] 
932.73 33060 0 0 1 0 0 8952 41720 82 3 [33115, 65448, 65497] 
933.73 33060 0 0 1 0 0 8952 41720 82 3 [33115, 65448, 65497] 
934.73 33060 0 0 1 0 0 8952 41720 82 3 [33115, 65448, 65497] 
935.73 33060 0 0 1 0 0 8952 41720 82 3 [33115, 65448, 65497] 
936.73 33060 0 0 1 0 0 8952 41720 82 3 [33115, 65448, 65497] 
937.73 33060 0 0 1 0 0 8952 41720 82 3 [33115, 65448, 65497] 
938.73 33060 0 0 1 0 0 8952 41720 82 3 [33115, 65448, 65497] 
939.73 33060 0 0 1 0 0 8952 41720 82 3 [33115, 65448, 65497] 
940.73 33060 0 0 1 0 0 8952 41720 82 3 [33115, 65448, 65497] 
941.73 33060 0 0 1 0 0 8952 41720 82 3 [33115, 65448, 65497] 
942.73 33060 0 0 1 0 0 8952 41720 82 3 [33115, 65448, 65497] 
943.73 33060 0 0 1 0 0 8952 41720 82 3 [33115, 65448, 65497] 
944.73 33060 0 0 1 0 0 8952 41720 82 3 [33115, 65448, 65497] 
945.73 33060 0 0 1 0 0 8952 41720 82 3 [33115, 65448, 65497] 
946.73 33060 0 0 1 0 0 8952 41720 82 3 [33115, 65448, 65497] 
947.73 33060 0 0 1 0 0 8952 41720 82 3 [33115, 65448, 65497] 
948.73 33060 0 0 1 0 0 8952 41720 82 3 [33115, 65448, 65497] 
949.73 33060 0 0 1 0 0 8952 41720 82 3 [33115, 65448, 65497] 
950.73 33060 0 0 1 0 0 8952 41720 82 3 [33115, 65448, 65497] 
951.73 33060 0 0 1 0 0 8952 41720 82 3 [33115, 65448, 65497] 
952.73 33060 0 0 1 0 0 8952 41720 82 3 [33115, 65448, 65497] 
953.73 33060 0 0 1 0 0 8952 41720 82 3 [33115, 65448, 65497] 
954.73 33060 0 0 1 0 0 8952 41720 82 3 [33115, 65448, 65497] 
955.73 33060 0 0 1 0 0 8952 41720 82 3 [33115, 65448, 65497] 
956.73 33060 0 0 1 0 0 8952 41720 82 3 [33115, 65448, 65497] 
957.73 33060 0 0 1 0 0 8952 41720 82 3 [33115, 65448, 65497] 
958.73 33060 0 0 1 0 0 8952 41720 82 3 [33115, 65448, 65497] 
959.73 33060 0 0 1 0 0 8952 41720 82 3 [33115, 65448, 65497] 
960.73 33060 0 0 1 0 0 8952 41720 82 3 [33115, 65448, 65497] 
961.73 33060 0 0 1 0 0 8952 41720 82 3 [33115, 65448, 65497] 
962.73 33060 0 0 1 0 0 8952 41720 82 3 [33115, 65448, 65497] 
963.73 33060 0 0 1 0 0 8952 41720 82 3 [33115, 65448, 65497] 
964.73 33060 0 0 1 0 0 8952 41720 82 3 [33115, 65448, 65497] 
965.73 33060 0 0 1 0 0 8952 41720 82 3 [33115, 65448, 65497] 
966.73 33060 0 0 1 0 0 8952 41720 82 3 [33115, 65448, 65497] 
967.73 33060 0 0 1 0 0 8952 41720 82 3 [33115, 65448, 65497] 
968.73 33060 0 0 1 0 0 8952 41720 82 3 [33115, 65448, 65497] 
969.73 33060 0 0 1 0 0 8952 41720 82 3 [33115, 65448, 65497] 
970.73 33060 0 0 1 0 0 8952 41720 82 3 [33115, 65448, 65497] 
971.73 33060 0 0 1 0 0 8952 41720 82 3 [33115, 65448, 65497] 
972.73 33060 0 0 1 0 0 8952 41720 82 3 [33115, 65448, 65497] 
973.73 33060 0 0 1 0 0 8952 41720 82 3 [33115, 65448, 65497] 
974.73 33060 0 0 1 0 0 8952 41720 82 3 [33115, 65448, 65497] 
975.73 33060 0 0 1 0 0 8952 41720 82 3 [33115, 65448, 65497] 
976.73 33060 0 0 1 0 0 8952 41720 82 3 [33115, 65448, 65497] 
977.73 33060 0 0 1 0 0 8952 41720 82 3 [33115, 65448, 65497] 
978.73 33060 0 0 1 0 0 8952 41720 82 3 [33115, 65448, 65497] 
979.73 33060 0 0 1 0 0 8952 41720 82 3 [33115, 65448, 65497] 
980.73 33060 0 0 1 0 0 8952 41720 82 3 [33115, 65448, 65497] 
981.73 33060 0 0 1 0 0 8952 41720 82 3 [33115, 65448, 65497] 
982.73 33060 0 0 1 0 0 8952 41720 82 3 [33115, 65448, 65497] 
983.73 33060 0 0 1 0 0 8952 41720 82 3 [33115, 65448, 65497] 
984.73 33060 0 0 1 0 0 8952 41720 82 3 [33115, 65448, 65497] 
985.73 33060 0 0 1 0 0 8952 41720 82 3 [33115, 65448, 65497] 
986.73 33060 0 0 1 0 0 8952 41720 82 3 [33115, 65448, 65497] 
987.73 33060 0 0 1 0 0 8952 41720 82 2 [65448, 65497] 
988.73 33060 0 0 1 0 0 8952 41720 82 2 [65448, 65497] 
989.73 33060 0 0 1 0 0 8952 41720 82 2 [65448, 65497] 
990.73 33060 0 0 1 0 0 8952 41720 82 2 [65448, 65497] 
991.73 33060 0 0 1 0 0 8952 41720 82 2 [65448, 65497] 
992.73 33060 0 0 1 0 0 8952 41720 82 2 [65448, 65497] 
993.73 33060 0 0 1 0 0 8952 41720 82 2 [65448, 65497] 
994.73 33060 0 0 1 0 0 8952 41720 82 2 [65448, 65497] 
995.73 33060 0 0 1 0 0 8952 41720 82 3 [33115, 65448, 65497] 
996.73 33060 0 0 1 0 0 8952 41720 82 3 [33115, 65448, 65497] 
997.73 33060 0 0 1 0 0 8952 41720 82 3 [33115, 65448, 65497] 
998.73 33060 0 0 1 0 0 8952 41720 82 3 [33115, 65448, 65497] 
999.73 33060 0 0 1 0 0 8952 41720 82 3 [33115, 65448, 65497] 
1000.73 33060 0 0 1 0 0 8952 41720 82 3 [33115, 65448, 65497] 
1001.73 33060 0 0 1 0 0 8952 41720 82 3 [33115, 65448, 65497] 
1002.73 33060 0 0 1 0 0 8952 41720 82 3 [33115, 65448, 65497] 
1003.73 33060 0 0 1 0 0 8952 41720 82 3 [33115, 65448, 65497] 
1004.73 33060 0 0 1 0 0 8952 41720 82 3 [33115, 65448, 65497] 
1005.73 33060 0 0 1 0 0 8952 41720 82 3 [33115, 65448, 65497] 
1006.73 33060 0 0 1 0 1 8952 41720 82 3 [33115, 65448, 65497] 
1007.73 33060 0 0 1 0 1 8952 41720 82 3 [33115, 65448, 65497] 
1008.73 33060 0 0 1 0 1 8952 41720 82 3 [33115, 65448, 65497] 
1009.73 33060 0 0 1 0 1 8952 41720 82 3 [33115, 65448, 65497] 
1010.73 33060 0 0 1 0 1 8952 41720 82 3 [33115, 65448, 65497] 
1011.73 33060 0 0 1 0 1 8952 41720 82 3 [33115, 65448, 65497] 
1012.73 33060 0 0 1 0 1 8952 41720 82 3 [33115, 65448, 65497] 
1013.73 33060 0 0 1 0 1 8952 41720 82 3 [33115, 65448, 65497] 
1014.73 33060 0 0 1 0 1 8952 41720 82 3 [33115, 65448, 65497] 
1015.73 33060 0 0 1 0 1 8952 41720 82 3 [33115, 65448, 65497] 
1016.73 33060 0 0 1 0 1 8952 41720 82 3 [33115, 65448, 65497] 
1017.73 33060 0 0 1 0 1 8952 41720 82 3 [33115, 65448, 65497] 
1018.73 33060 0 0 1 0 1 8952 41720 82 3 [33115, 65448, 65497] 
1019.73 33060 0 0 1 0 1 8952 41720 82 3 [33115, 65448, 65497] 
1020.73 33060 0 0 1 0 1 8952 41720 82 3 [33115, 65448, 65497] 
1021.73 33060 0 0 1 0 1 8952 41720 82 3 [33115, 65448, 65497] 
1022.73 33060 0 0 1 0 1 8952 41720 82 3 [33115, 65448, 65497] 
1023.73 33060 0 0 1 0 1 8952 41720 82 3 [33115, 65448, 65497] 
1024.73 33060 0 0 1 0 1 8952 41720 82 3 [33115, 65448, 65497] 
1025.73 33060 0 0 1 0 1 8952 41720 82 3 [33115, 65448, 65497] 
1026.73 33060 0 0 1 0 1 8952 41720 82 3 [33115, 65448, 65497] 
1027.73 33060 0 0 1 0 1 8952 41720 82 3 [33115, 65448, 65497] 
1028.73 33060 0 0 1 0 1 8952 41720 82 3 [33115, 65448, 65497] 
1029.73 33060 0 0 1 0 1 8952 41720 82 3 [33115, 65448, 65497] 
1030.73 33060 0 0 1 0 1 8952 41720 82 3 [33115, 65448, 65497] 
1031.73 33060 0 0 1 0 1 8952 41720 82 3 [33115, 65448, 65497] 
1032.73 33060 0 0 0 0 1 8952 41720 82 3 [33115, 65448, 65497] 
1033.73 33060 0 0 0 0 1 8952 41720 82 3 [33115, 65448, 65497] 
1034.73 33060 0 0 0 0 1 8952 41720 82 3 [33115, 65448, 65497] 
1035.73 33060 0 0 0 0 1 8952 41720 82 3 [33115, 65448, 65497] 
1036.73 33060 0 0 0 0 1 8952 41720 82 3 [33115, 65448, 65497] 
1037.73 33060 0 0 0 0 1 8952 41720 82 3 [33115, 65448, 65497] 
1038.74 33060 0 0 0 0 1 8952 41720 82 4 [33115, 65448, 65497, 65498] 
1039.74 33060 0 0 0 0 1 8952 41720 82 4 [33115, 65448, 65497, 65498] 
1040.74 33060 0 0 0 0 1 8952 41720 82 4 [33115, 65448, 65497, 65498] 
1041.74 33060 0 0 0 0 1 8952 41720 82 3 [33115, 65448, 65497] 
1042.74 33060 0 0 0 0 1 8952 41720 82 3 [33115, 65448, 65497] 
1043.74 33060 0 0 0 0 1 8952 41720 82 3 [33115, 65448, 65497] 
1044.74 33060 0 0 0 0 1 8952 41720 82 3 [33115, 65448, 65497] 
1045.74 33060 0 0 0 0 1 8952 41720 82 3 [33115, 65448, 65497] 
1046.74 33060 0 0 0 0 1 8952 41720 82 2 [33115, 65448] 
1047.74 33060 0 0 0 0 1 8952 41720 82 2 [33115, 65448] 
1048.74 33060 0 0 0 0 1 8952 41720 82 2 [33115, 65448] 
1049.74 33060 0 0 0 0 1 8952 41720 82 2 [33115, 65448] 
1050.74 33060 0 0 0 0 1 8952 41720 82 2 [33115, 65448] 
1051.74 33060 0 0 1 0 1 8952 41720 82 3 [33115, 65448, 65498] 
1052.74 33060 0 0 1 0 1 8952 41720 82 3 [33115, 65448, 65498] 
1053.74 33060 0 0 1 0 1 8952 41720 82 3 [33115, 65448, 65498] 
1054.75 33060 0 0 0 0 1 8952 41720 82 4 [33115, 65448, 65498, 65499] 
1055.75 33060 0 0 0 0 1 8952 41720 82 4 [33115, 65448, 65498, 65499] 
1056.75 33060 0 0 0 0 1 8952 41720 82 4 [33115, 65448, 65498, 65499] 
1057.75 33060 0 0 0 0 1 8952 41720 82 3 [65448, 65498, 65499] 
1058.75 33060 0 0 0 0 1 8952 41720 82 2 [33115, 65448] 
1059.75 33060 0 0 0 0 1 8952 41720 82 2 [33115, 65448] 
1060.76 33060 0 0 0 0 1 8952 41720 82 2 [33115, 65448] 
1061.76 33060 0 0 0 0 1 8952 41720 82 2 [33115, 65448] 
1062.76 33060 0 0 0 0 1 8952 41720 82 2 [33115, 65448] 
1063.76 33060 0 0 0 0 1 8952 41720 82 2 [33115, 65448] 
1064.76 33060 0 0 0 0 1 8952 41720 82 2 [33115, 65448] 
1065.76 33060 0 0 0 0 1 8952 41720 82 2 [33115, 65448] 
1066.76 33060 0 0 0 0 1 8952 41720 82 2 [33115, 65448] 
1067.76 33060 0 0 0 0 1 8952 41720 82 2 [33115, 65448] 
1068.76 33060 0 0 0 0 1 8952 41720 82 2 [33115, 65448] 
1069.77 33060 0 0 0 0 1 8952 41720 82 2 [33115, 65448] 
1070.77 33060 0 0 0 0 1 8952 41720 82 2 [33115, 65448] 
1071.77 33060 0 0 0 0 1 8952 41720 82 2 [33115, 65448] 
1072.77 33060 0 0 0 0 1 8952 41720 82 2 [33115, 65448] 
1073.77 33060 0 0 0 0 1 8952 41720 82 2 [33115, 65448] 
1074.77 33060 0 1 1 0 1 8952 41720 82 1 [33115] 
1075.77 33060 0 1 1 0 1 8952 41720 82 1 [33115] 
1076.77 33060 0 1 1 0 1 8952 41720 82 1 [33115] 
1077.78 33060 0 1 1 0 1 8952 41720 82 1 [33115] 
1078.78 33060 0 1 1 0 1 8952 41720 82 1 [33115] 
1079.79 33060 0 1 1 0 1 8952 41720 82 1 [33115] 
1080.79 33060 0 1 1 0 1 8952 41720 82 1 [33115] 
1081.79 33060 0 1 1 0 1 8952 41720 82 1 [33115] 
1082.79 33060 0 1 1 0 1 8952 41720 82 1 [33115] 
1083.79 33060 0 1 1 0 1 8952 41720 82 1 [33115] 
1084.79 33060 0 1 1 0 1 8952 41720 82 1 [33115] 
1085.79 33060 0 1 1 0 1 8952 41720 82 1 [33115] 
1086.79 33060 0 1 1 0 1 8952 41720 82 1 [33115] 
1087.79 33060 0 1 1 0 1 8952 41720 82 1 [33115] 
1088.79 33060 0 1 1 0 1 8952 41720 82 1 [33115] 
1089.79 33060 0 1 1 0 1 8952 41720 82 1 [33115] 
1090.79 33060 0 1 1 0 1 8952 41720 82 1 [33115] 
1091.8 33060 0 0 0 0 1 8952 41720 82 2 [33115, 65496] 
1092.8 33060 0 0 0 0 1 8952 41720 82 2 [33115, 65496] 
1093.81 33060 0 0 0 0 1 8952 41720 82 2 [33115, 65496] 
1094.81 33060 0 0 0 0 1 8952 41720 82 2 [33115, 65496] 
1095.81 33060 0 1 1 0 1 8952 41720 82 1 [33115] 
1096.81 33060 0 1 1 0 1 8952 41720 82 1 [33115] 
1097.82 33060 0 1 1 0 1 8952 41720 82 1 [33115] 
1098.82 33060 0 1 1 0 1 8952 41720 82 1 [33115] 
1099.83 33060 0 1 1 0 1 8952 41720 82 1 [33115] 
1100.84 33060 0 1 1 0 1 8952 41720 82 1 [33115] 
1101.84 33060 0 1 1 0 1 8952 41720 82 1 [33115] 
1102.85 33060 0 1 1 0 1 8952 41720 82 1 [33115] 
1103.85 33060 0 1 1 0 1 8952 41720 82 1 [33115] 
1104.85 33060 0 1 1 0 1 8952 41720 82 1 [33115] 
1105.85 33060 0 1 1 0 1 8952 41720 82 1 [33115] 
1106.86 33060 0 1 1 0 1 8952 41720 82 1 [33115] 
1107.86 33060 0 1 1 0 1 8952 41720 82 1 [33115] 
1108.86 33060 0 1 1 0 1 8952 41720 82 1 [33115] 
1109.87 33060 0 1 1 0 1 8952 41720 82 1 [33115] 
1110.87 33060 0 1 1 0 1 8952 41720 82 1 [33115] 
1111.87 33060 0 1 1 0 1 8952 41720 82 1 [33115] 
1112.87 33060 0 1 1 0 1 8952 41720 82 1 [33115] 
1113.88 33060 0 1 1 0 1 8952 41720 82 1 [33115] 
1114.89 33060 0 1 1 0 1 8952 41720 82 1 [33115] 
1115.89 33060 0 1 1 0 1 8952 41720 82 1 [33115] 
1116.89 33060 0 1 1 0 1 8952 41720 82 1 [33115] 
1117.9 33060 0 1 1 0 1 8952 41720 82 1 [33115] 
1118.9 33060 0 1 1 0 1 8952 41720 82 1 [33115] 
1119.9 33060 0 1 1 0 1 8952 41720 82 1 [33115] 
1120.9 33060 0 1 1 0 1 8952 41720 82 1 [33115] 
1121.9 33060 0 1 1 0 1 8952 41720 82 1 [33115] 
1122.9 33060 0 1 1 0 1 8952 41720 82 1 [33115] 
1123.91 33060 0 1 1 0 1 8952 41720 82 1 [33115] 
1124.92 33060 0 1 1 0 1 8952 41720 82 1 [33115] 
1125.92 33060 0 1 1 0 1 8952 41720 82 1 [33115] 
1126.92 33060 0 1 1 0 1 8952 41720 82 1 [33115] 
1127.92 33060 0 1 1 0 1 8952 41720 82 1 [33115] 
1128.92 33060 0 1 1 0 1 8952 41720 82 1 [33115] 
1129.92 33060 0 1 1 0 1 8952 41720 82 1 [33115] 
1130.93 33060 0 1 1 0 1 8952 41720 82 1 [33115] 
1131.93 33060 0 0 0 0 1 8952 41720 82 2 [33115, 65499] 
1132.93 33060 0 0 0 0 1 8952 41720 82 2 [33115, 65499] 
1133.93 33060 0 0 0 0 1 8952 41720 82 2 [33115, 65499] 
1134.93 33060 0 0 0 0 1 8952 41720 82 2 [33115, 65499] 
1135.94 33060 0 1 1 0 1 8952 41720 82 1 [33115] 
1136.95 33060 0 1 1 0 1 8952 41720 82 1 [33115] 
1137.95 33060 0 1 1 0 1 8952 41720 82 1 [33115] 
1138.95 33060 0 1 1 0 1 8952 41720 82 1 [33115] 
1139.96 33060 0 1 1 0 1 8952 41720 82 1 [33115] 
1140.96 33060 0 1 1 0 1 8952 41720 82 1 [33115] 
1141.96 33060 0 1 1 0 1 8952 41720 82 1 [33115] 
1142.97 33060 0 1 1 0 1 8952 41720 82 1 [33115] 
1143.97 33060 0 1 1 0 1 8952 41720 82 1 [33115] 
1144.97 33060 0 1 1 0 1 8952 41720 82 1 [33115] 
1145.97 33060 0 1 1 0 1 8952 41720 82 1 [33115] 
1146.97 33060 0 1 1 0 1 8952 41720 82 1 [33115] 
1147.98 33060 0 1 1 0 1 8952 41720 82 1 [33115] 
1148.98 33060 0 1 1 0 1 8952 41720 82 1 [33115] 
1149.98 33060 0 1 1 0 1 8952 41720 82 1 [33115] 
1150.98 33060 0 1 1 0 1 8952 41720 82 1 [33115] 
1151.98 33060 0 1 1 0 1 8952 41720 82 1 [33115] 
1152.99 33060 0 1 1 0 1 8952 41720 82 1 [33115] 
1154.01 33060 0 1 1 0 1 8952 41720 82 1 [33115] 
1155.01 33060 0 1 1 0 1 8952 41720 82 1 [33115] 
1156.01 33060 0 1 1 0 1 8952 41720 82 1 [33115] 
1157.01 33060 0 1 1 0 1 8952 41720 82 1 [33115] 
1158.01 33060 0 1 1 0 1 8952 41720 82 1 [33115] 
1159.01 33060 0 1 1 0 1 8952 41720 82 1 [33115] 
1160.01 33060 0 1 1 0 1 8952 41720 82 1 [33115] 
1161.04 33060 0 1 1 0 1 8952 41720 82 1 [33115] 
1162.05 33060 0 1 1 0 1 8952 41720 82 1 [33115] 
1163.05 33060 0 1 1 0 0 8952 41720 82 1 [33115] 
1164.06 33060 0 1 1 0 0 8952 41720 82 1 [33115] 
1165.06 33060 0 1 1 0 0 8952 41720 82 1 [33115] 
1166.06 33060 0 1 1 0 0 8952 41720 82 1 [33115] 
1167.06 33060 0 1 1 0 0 8952 41720 82 1 [33115] 
1168.06 33060 0 0 0 0 1 8952 41720 82 2 [33115, 65497] 
1169.07 33060 0 0 0 0 1 8952 41720 82 3 [33115, 65497, 65499] 
1170.08 33060 0 0 0 0 1 8952 41720 82 4 [33115, 65448, 65497, 65499] 
1171.11 33060 0 0 0 0 1 8952 41720 82 5 [33115, 65448, 65496, 65497, 65499] 
1172.11 33060 0 0 0 0 1 8952 41720 82 5 [33115, 65448, 65496, 65497, 65499] 
1173.11 33060 0 0 0 0 1 8952 41720 82 5 [33115, 65448, 65496, 65497, 65499] 
1174.11 33060 0 0 0 0 1 8952 41720 82 5 [33115, 65448, 65496, 65497, 65499] 
1175.13 33060 0 0 0 0 1 8952 41720 82 6 [33115, 65448, 65449, 65496, 65497, 65499] 
1176.13 33060 0 0 0 0 1 8952 41720 82 7 [33115, 65448, 65449, 65496, 65497, 65498, 65499] 
1177.16 33060 0 0 0 0 1 8952 41720 82 7 [33115, 65448, 65449, 65496, 65497, 65498, 65499] 
1178.18 33060 0 0 0 0 1 8952 41720 82 7 [33115, 65448, 65449, 65496, 65497, 65498, 65499] 
1179.18 33060 0 0 0 0 1 8952 41720 82 7 [33115, 65448, 65449, 65496, 65497, 65498, 65499] 
1180.18 33060 0 0 0 0 1 8952 41720 82 7 [33115, 65448, 65449, 65496, 65497, 65498, 65499] 
1181.18 33060 0 0 0 0 1 8952 41720 82 7 [33115, 65448, 65449, 65496, 65497, 65498, 65499] 
1182.22 33060 0 0 0 0 0 8952 41720 82 7 [33115, 65448, 65449, 65496, 65497, 65498, 65499] 
1183.22 33060 0 0 0 0 0 8952 41720 82 7 [33115, 65448, 65449, 65496, 65497, 65498, 65499] 
1184.24 33060 0 0 0 0 0 8952 41720 82 7 [33115, 65448, 65449, 65496, 65497, 65498, 65499] 
1185.24 33060 0 0 0 0 0 8952 41720 82 7 [33115, 65448, 65449, 65496, 65497, 65498, 65499] 
1186.26 33060 0 0 0 0 0 8952 41720 82 7 [33115, 65448, 65449, 65496, 65497, 65498, 65499] 
1187.26 33060 0 0 0 0 0 8952 41720 82 7 [33115, 65448, 65449, 65496, 65497, 65498, 65499] 
1188.27 33060 0 0 0 0 0 8952 41720 82 7 [33115, 65448, 65449, 65496, 65497, 65498, 65499] 
1189.29 33060 0 0 0 0 0 8952 41720 82 7 [33115, 65448, 65449, 65496, 65497, 65498, 65499] 
1190.29 33060 0 0 0 0 0 8952 41720 82 7 [33115, 65448, 65449, 65496, 65497, 65498, 65499] 
1191.31 33060 0 0 0 0 0 8952 41720 82 7 [33115, 65448, 65449, 65496, 65497, 65498, 65499] 
1192.31 33060 0 0 0 0 0 8952 41720 82 7 [33115, 65448, 65449, 65496, 65497, 65498, 65499] 
1193.34 33060 0 0 0 0 0 8952 41720 82 7 [33115, 65448, 65449, 65496, 65497, 65498, 65499] 
1194.35 33060 0 0 0 0 0 8952 41720 82 7 [33115, 65448, 65449, 65496, 65497, 65498, 65499] 
1195.36 33060 0 0 0 0 0 8952 41720 82 7 [33115, 65448, 65449, 65496, 65497, 65498, 65499] 
1196.38 33060 0 0 0 0 0 8952 41720 82 7 [33115, 65448, 65449, 65496, 65497, 65498, 65499] 
1197.38 33060 0 0 0 0 0 8952 41720 82 7 [33115, 65448, 65449, 65496, 65497, 65498, 65499] 
1198.38 33060 0 0 0 0 0 8952 41720 82 7 [33115, 65448, 65449, 65496, 65497, 65498, 65499] 
1199.38 33060 0 0 0 0 0 8952 41720 82 7 [33115, 65448, 65449, 65496, 65497, 65498, 65499] 
1200.4 33060 0 0 0 0 0 8952 41720 82 7 [33115, 65448, 65449, 65496, 65497, 65498, 65499] 
1201.4 33060 0 0 0 0 0 8952 41720 82 7 [33115, 65448, 65449, 65496, 65497, 65498, 65499] 
1202.4 33060 0 0 0 0 1 8952 41720 82 7 [33115, 65448, 65449, 65496, 65497, 65498, 65499] 
1203.41 33060 0 0 0 0 1 8952 41720 82 7 [33115, 65448, 65449, 65496, 65497, 65498, 65499] 
1204.41 33060 0 0 0 0 1 8952 41720 82 7 [33115, 65448, 65449, 65496, 65497, 65498, 65499] 
1205.41 33060 0 0 0 0 1 8952 41720 82 7 [33115, 65448, 65449, 65496, 65497, 65498, 65499] 
1206.42 33060 0 0 0 0 1 8952 41720 82 7 [33115, 65448, 65449, 65496, 65497, 65498, 65499] 
1207.42 33060 0 0 0 0 1 8952 41720 82 7 [33115, 65448, 65449, 65496, 65497, 65498, 65499] 
1208.44 33060 0 0 0 0 1 8952 41720 82 7 [33115, 65448, 65449, 65496, 65497, 65498, 65499] 
1209.44 33060 0 0 0 0 1 8952 41720 82 7 [33115, 65448, 65449, 65496, 65497, 65498, 65499] 
1210.46 33060 0 0 0 0 1 8952 41720 82 6 [65448, 65449, 65496, 65497, 65498, 65499] 
1211.46 33060 0 0 0 0 1 8952 41720 82 6 [65448, 65449, 65496, 65497, 65498, 65499] 
1212.47 33060 0 0 0 0 1 8952 41720 82 6 [65448, 65449, 65496, 65497, 65498, 65499] 
1213.47 33060 0 0 0 0 1 8952 41720 82 6 [65448, 65449, 65496, 65497, 65498, 65499] 
1214.47 33060 0 0 0 0 1 8952 41720 82 6 [65448, 65449, 65496, 65497, 65498, 65499] 
1215.47 33060 0 0 0 0 1 8952 41720 82 6 [65448, 65449, 65496, 65497, 65498, 65499] 
1216.48 33060 0 0 0 0 1 8952 41720 82 6 [65448, 65449, 65496, 65497, 65498, 65499] 
1217.48 33060 0 0 0 0 1 8952 41720 82 6 [65448, 65449, 65496, 65497, 65498, 65499] 
1218.49 33060 0 0 0 0 1 8952 41720 82 6 [65448, 65449, 65496, 65497, 65498, 65499] 
1219.49 33060 0 0 0 0 1 8952 41720 82 6 [65448, 65449, 65496, 65497, 65498, 65499] 
1220.5 33060 0 0 0 0 1 8952 41720 82 6 [65448, 65449, 65496, 65497, 65498, 65499] 
1221.5 33060 0 0 0 0 1 8952 41720 82 6 [65448, 65449, 65496, 65497, 65498, 65499] 
1222.51 33060 0 0 0 0 1 8952 41720 82 6 [65448, 65449, 65496, 65497, 65498, 65499] 
1223.51 33060 0 0 0 0 1 8952 41720 82 6 [65448, 65449, 65496, 65497, 65498, 65499] 
1224.53 33060 0 0 0 0 1 8952 41720 82 6 [65448, 65449, 65496, 65497, 65498, 65499] 
1225.53 33060 0 0 0 0 1 8952 41720 82 6 [65448, 65449, 65496, 65497, 65498, 65499] 
1226.54 33060 0 0 0 0 1 8952 41720 82 6 [65448, 65449, 65496, 65497, 65498, 65499] 
1227.54 33060 0 0 0 0 1 8952 41720 82 6 [65448, 65449, 65496, 65497, 65498, 65499] 
1228.54 33060 0 0 0 0 1 8952 41720 82 6 [65448, 65449, 65496, 65497, 65498, 65499] 
1229.54 33060 0 0 0 0 1 8952 41720 82 6 [65448, 65449, 65496, 65497, 65498, 65499] 
1230.54 33060 0 0 0 0 1 8952 41720 82 6 [65448, 65449, 65496, 65497, 65498, 65499] 
1231.54 33060 0 0 0 0 1 8952 41720 82 6 [65448, 65449, 65496, 65497, 65498, 65499] 
1232.54 33060 0 0 0 0 1 8952 41720 82 6 [65448, 65449, 65496, 65497, 65498, 65499] 
1233.54 33060 0 0 0 0 1 8952 41720 82 6 [65448, 65449, 65496, 65497, 65498, 65499] 
1234.54 33060 0 0 0 0 1 8952 41720 82 6 [65448, 65449, 65496, 65497, 65498, 65499] 
1235.56 33060 0 0 0 0 1 8952 41720 82 6 [65448, 65449, 65496, 65497, 65498, 65499] 
1236.56 33060 0 0 0 0 1 8952 41720 82 6 [65448, 65449, 65496, 65497, 65498, 65499] 
1237.57 33060 0 0 0 0 1 8952 41720 82 6 [65448, 65449, 65496, 65497, 65498, 65499] 
1238.57 33060 0 0 0 0 1 8952 41720 82 6 [65448, 65449, 65496, 65497, 65498, 65499] 
1239.57 33060 0 0 0 0 1 8952 41720 82 6 [65448, 65449, 65496, 65497, 65498, 65499] 
1240.57 33060 0 0 0 0 1 8952 41720 82 6 [65448, 65449, 65496, 65497, 65498, 65499] 
1241.58 33060 0 0 0 0 1 8952 41720 82 6 [65448, 65449, 65496, 65497, 65498, 65499] 
1242.58 33060 0 0 0 0 1 8952 41720 82 6 [65448, 65449, 65496, 65497, 65498, 65499] 
1243.58 33060 0 0 0 0 1 8952 41720 82 6 [65448, 65449, 65496, 65497, 65498, 65499] 
1244.58 33060 0 0 0 0 1 8952 41720 82 6 [65448, 65449, 65496, 65497, 65498, 65499] 
1245.59 33060 0 0 0 0 1 8952 41720 82 6 [65448, 65449, 65496, 65497, 65498, 65499] 
1246.59 33060 0 0 0 0 1 8952 41720 82 6 [65448, 65449, 65496, 65497, 65498, 65499] 
1247.59 33060 0 0 0 0 1 8952 41720 82 6 [65448, 65449, 65496, 65497, 65498, 65499] 
1248.59 33060 0 0 0 0 1 8952 41720 82 6 [65448, 65449, 65496, 65497, 65498, 65499] 
1249.61 33060 0 0 0 0 1 8952 41720 82 6 [65448, 65449, 65496, 65497, 65498, 65499] 
1250.61 33060 0 0 0 0 1 8952 41720 82 6 [65448, 65449, 65496, 65497, 65498, 65499] 
1251.61 33060 0 0 0 0 1 8952 41720 82 6 [65448, 65449, 65496, 65497, 65498, 65499] 
1252.61 33060 0 0 0 0 1 8952 41720 82 6 [65448, 65449, 65496, 65497, 65498, 65499] 
1253.63 33060 0 0 0 0 1 8952 41720 82 6 [65448, 65449, 65496, 65497, 65498, 65499] 
1254.63 33060 0 0 0 0 1 8952 41720 82 6 [65448, 65449, 65496, 65497, 65498, 65499] 
1255.65 33060 0 0 0 0 1 8952 41720 82 6 [65448, 65449, 65496, 65497, 65498, 65499] 
1256.65 33060 0 0 0 0 1 8952 41720 82 6 [65448, 65449, 65496, 65497, 65498, 65499] 
1257.66 33060 0 0 0 0 1 8952 41720 82 6 [65448, 65449, 65496, 65497, 65498, 65499] 
1258.66 33060 0 0 0 0 1 8952 41720 82 5 [65448, 65496, 65497, 65498, 65499] 
1259.69 33060 0 0 0 0 1 8952 41720 82 5 [65448, 65496, 65497, 65498, 65499] 
1260.69 33060 0 0 0 0 1 8952 41720 82 5 [65448, 65496, 65497, 65498, 65499] 
1261.69 33060 0 0 0 0 1 8952 41720 82 4 [65448, 65496, 65498, 65499] 
1262.69 33060 0 0 0 0 1 8952 41720 82 4 [65448, 65496, 65498, 65499] 
1263.69 33060 0 0 0 0 1 8952 41720 82 4 [65448, 65496, 65498, 65499] 
1264.69 33060 0 0 0 0 1 8952 41720 82 5 [65448, 65496, 65497, 65498, 65499] 
1265.69 33060 0 0 0 0 1 8952 41720 82 5 [65448, 65496, 65497, 65498, 65499] 
1266.69 33060 0 0 0 0 1 8952 41720 82 5 [65448, 65496, 65497, 65498, 65499] 
1267.69 33060 0 0 0 0 1 8952 41720 82 5 [65448, 65496, 65497, 65498, 65499] 
1268.7 33060 0 0 0 0 1 8952 41720 82 4 [65448, 65496, 65498, 65499] 
1269.7 33060 0 0 0 0 1 8952 41720 82 4 [65448, 65496, 65498, 65499] 
1270.71 33060 0 0 0 0 0 8952 41720 82 5 [65448, 65496, 65497, 65498, 65499] 
1271.71 33060 0 0 0 0 0 8952 41720 82 5 [65448, 65496, 65497, 65498, 65499] 
1272.71 33060 0 0 0 0 0 8952 41720 82 5 [65448, 65496, 65497, 65498, 65499] 
1273.72 33060 0 0 0 0 0 8952 41720 82 6 [65448, 65449, 65496, 65497, 65498, 65499] 
1274.72 33060 0 0 0 0 0 8952 41720 82 6 [65448, 65449, 65496, 65497, 65498, 65499] 
1275.73 33060 0 0 0 0 0 8952 41720 82 6 [65448, 65449, 65496, 65497, 65498, 65499] 
1276.73 33060 0 0 0 0 0 8952 41720 82 6 [65448, 65449, 65496, 65497, 65498, 65499] 
1277.73 33060 0 0 0 1 1 8952 41720 82 6 [65448, 65449, 65496, 65497, 65498, 65499] 
1278.73 33060 0 0 0 1 1 8952 41720 88 6 [65448, 65449, 65496, 65497, 65498, 65499] 
1279.73 33060 0 0 0 1 1 8952 41720 88 6 [65448, 65449, 65496, 65497, 65498, 65499] 
1280.75 33060 0 0 0 1 1 8952 41720 88 6 [65448, 65449, 65496, 65497, 65498, 65499] 
1281.75 33060 0 0 0 1 1 8952 41720 88 6 [65448, 65449, 65496, 65497, 65498, 65499] 
########################################################
# FCPP execution finished at: Thu Jan  1 00:21:08 1970 #
########################################################
