# log size 7821
########################################################
# FCPP execution started at:  Thu Jan  1 00:00:00 1970 #
########################################################
# 
#
# The columns have the following meaning:
# global_clock min_uid hop_dist bool_status max_stack max_heap max_msg degree nbr_list 
0 65499 0 1 1 0 0 8952 29432 0 0 [] 
71.0897 33060 2 0 1 0 0 8952 34552 76 2 [33115, 65449] 
72.0919 33060 1 0 1 0 0 8952 35576 76 3 [33060, 33115, 65449] 
73.0919 33060 1 0 0 0 0 8952 35576 76 3 [33060, 33115, 65449] 
74.0929 33060 1 0 0 0 0 8952 35576 76 3 [33060, 33115, 65449] 
75.0929 33060 1 0 0 0 0 8952 35576 76 3 [33060, 33115, 65449] 
76.0929 33060 1 0 0 0 0 8952 35576 76 3 [33060, 33115, 65449] 
77.0929 33060 1 0 0 0 0 8952 35576 76 3 [33060, 33115, 65449] 
78.0929 33060 1 0 0 0 0 8952 35576 76 3 [33060, 33115, 65449] 
79.0977 33060 1 0 0 0 0 8952 35576 76 3 [33060, 33115, 65449] 
80.0977 33060 1 0 0 0 0 8952 35576 76 3 [33060, 33115, 65449] 
81.0977 33060 1 0 0 0 0 8952 35576 76 3 [33060, 33115, 65449] 
82.0977 33060 1 0 0 0 0 8952 35576 76 3 [33060, 33115, 65449] 
83.1016 33060 1 0 0 0 0 8952 35576 76 3 [33060, 33115, 65449] 
84.1016 33060 1 0 0 0 0 8952 35576 76 3 [33060, 33115, 65449] 
85.1016 33060 1 0 0 0 0 8952 35576 76 3 [33060, 33115, 65449] 
86.1016 33060 1 0 0 0 0 8952 35576 76 3 [33060, 33115, 65449] 
87.1016 33060 1 0 0 0 0 8952 35576 76 3 [33060, 33115, 65449] 
88.1016 33060 1 0 0 0 0 8952 35576 76 3 [33060, 33115, 65449] 
89.1016 33060 1 0 0 0 0 8952 35576 76 3 [33060, 33115, 65449] 
90.1016 33060 1 0 0 0 0 8952 35576 76 3 [33060, 33115, 65449] 
91.1016 33060 1 0 0 0 0 8952 36600 76 4 [33060, 33115, 65449, 65496] 
92.1016 33060 1 0 0 0 0 8952 36600 76 4 [33060, 33115, 65449, 65496] 
93.1016 33060 1 0 0 0 0 8952 36600 76 4 [33060, 33115, 65449, 65496] 
94.1016 33060 1 0 0 0 0 8952 36600 76 4 [33060, 33115, 65449, 65496] 
95.1016 33060 1 0 0 0 0 8952 36600 76 4 [33060, 33115, 65449, 65496] 
96.1016 33060 1 0 0 0 0 8952 36600 76 4 [33060, 33115, 65449, 65496] 
97.1016 33060 1 0 0 0 0 8952 36600 76 4 [33060, 33115, 65449, 65496] 
98.1016 33060 1 0 0 0 0 8952 36600 76 4 [33060, 33115, 65449, 65496] 
99.1016 33060 1 0 0 0 0 8952 36600 76 4 [33060, 33115, 65449, 65496] 
100.102 33060 1 0 0 0 0 8952 36600 76 4 [33060, 33115, 65449, 65496] 
101.102 33060 1 0 0 0 0 8952 36600 76 4 [33060, 33115, 65449, 65496] 
102.102 33060 1 0 0 0 0 8952 36600 76 4 [33060, 33115, 65449, 65496] 
103.102 33060 1 0 0 0 0 8952 36600 76 4 [33060, 33115, 65449, 65496] 
104.102 33060 1 0 0 0 0 8952 36600 76 4 [33060, 33115, 65449, 65496] 
105.102 33060 1 0 0 0 0 8952 36600 76 4 [33060, 33115, 65449, 65496] 
106.102 33060 1 0 0 0 0 8952 36600 76 4 [33060, 33115, 65449, 65496] 
107.102 33060 1 0 0 0 0 8952 36600 76 4 [33060, 33115, 65449, 65496] 
108.102 33060 1 0 0 0 0 8952 36600 76 4 [33060, 33115, 65449, 65496] 
109.102 33060 1 0 0 0 0 8952 36600 76 4 [33060, 33115, 65449, 65496] 
110.102 33060 1 0 0 0 0 8952 37624 76 5 [33060, 33115, 65448, 65449, 65496] 
111.102 33060 1 0 0 0 0 8952 37624 76 5 [33060, 33115, 65448, 65449, 65496] 
112.102 33060 1 0 0 0 0 8952 37624 76 5 [33060, 33115, 65448, 65449, 65496] 
113.102 33060 1 0 0 0 0 8952 38648 76 5 [33060, 33115, 65448, 65449, 65496] 
114.102 33060 1 0 0 0 0 8952 38648 76 5 [33060, 33115, 65448, 65449, 65496] 
115.102 33060 1 0 0 0 0 8952 38648 76 5 [33060, 33115, 65448, 65449, 65496] 
116.102 33060 1 0 0 0 0 8952 38648 76 5 [33060, 33115, 65448, 65449, 65496] 
117.102 33060 1 0 0 0 0 8952 38648 76 5 [33060, 33115, 65448, 65449, 65496] 
118.102 33060 1 0 0 0 0 8952 38648 76 5 [33060, 33115, 65448, 65449, 65496] 
119.102 33060 1 0 0 0 0 8952 38648 76 5 [33060, 33115, 65448, 65449, 65496] 
120.102 33060 1 0 0 0 0 8952 38648 76 5 [33060, 33115, 65448, 65449, 65496] 
121.102 33060 1 0 0 0 0 8952 38648 76 4 [33060, 33115, 65448, 65496] 
122.102 33060 1 0 0 0 0 8952 38648 76 4 [33060, 33115, 65448, 65496] 
123.102 33060 1 0 0 0 0 8952 38648 76 4 [33060, 33115, 65448, 65496] 
124.102 33060 1 0 0 0 0 8952 38648 76 4 [33060, 33115, 65448, 65496] 
125.102 33060 1 0 0 0 0 8952 38648 76 4 [33060, 33115, 65448, 65496] 
126.102 33060 1 0 0 0 0 8952 38648 76 4 [33060, 33115, 65448, 65496] 
127.102 33060 1 0 0 0 0 8952 38648 76 4 [33060, 33115, 65448, 65496] 
128.102 33060 1 0 0 0 0 8952 38648 76 4 [33060, 33115, 65448, 65496] 
129.102 33060 1 0 0 0 0 8952 38648 76 4 [33060, 33115, 65448, 65496] 
130.102 33060 1 0 0 0 0 8952 38648 76 4 [33060, 33115, 65448, 65496] 
131.102 33060 1 0 0 0 0 8952 38648 76 4 [33060, 33115, 65448, 65496] 
132.102 33060 1 0 0 0 0 8952 38648 76 4 [33060, 33115, 65448, 65496] 
133.102 33060 1 0 0 0 0 8952 38648 76 4 [33060, 33115, 65448, 65496] 
134.102 33060 1 0 0 0 0 8952 38648 76 4 [33060, 33115, 65448, 65496] 
135.102 33060 1 0 0 0 0 8952 38648 76 4 [33060, 33115, 65448, 65496] 
136.102 33060 1 0 0 0 0 8952 38648 76 5 [33060, 33115, 65448, 65496, 65498] 
137.102 33060 1 0 0 0 0 8952 38648 76 5 [33060, 33115, 65448, 65496, 65498] 
138.102 33060 1 0 0 0 0 8952 39672 76 6 [33060, 33115, 65448, 65449, 65496, 65498] 
139.116 33060 1 0 0 0 0 8952 39672 76 6 [33060, 33115, 65448, 65449, 65496, 65498] 
140.116 33060 1 0 0 0 0 8952 39672 76 6 [33060, 33115, 65448, 65449, 65496, 65498] 
141.12 33060 1 0 0 0 0 8952 39672 76 6 [33060, 33115, 65448, 65449, 65496, 65498] 
142.12 33060 1 0 0 0 0 8952 39672 76 6 [33060, 33115, 65448, 65449, 65496, 65498] 
143.121 33060 1 0 0 0 0 8952 39672 76 6 [33060, 33115, 65448, 65449, 65496, 65498] 
144.121 33060 1 0 0 0 0 8952 39672 76 6 [33060, 33115, 65448, 65449, 65496, 65498] 
145.134 33060 1 0 0 0 0 8952 39672 76 6 [33060, 33115, 65448, 65449, 65496, 65498] 
146.134 33060 1 0 0 0 0 8952 39672 76 6 [33060, 33115, 65448, 65449, 65496, 65498] 
147.134 33060 1 0 0 0 0 8952 39672 76 6 [33060, 33115, 65448, 65449, 65496, 65498] 
148.135 33060 1 0 0 0 0 8952 39672 76 6 [33060, 33115, 65448, 65449, 65496, 65498] 
149.135 33060 1 0 0 0 0 8952 39672 76 6 [33060, 33115, 65448, 65449, 65496, 65498] 
150.135 33060 1 0 0 0 0 8952 39672 76 6 [33060, 33115, 65448, 65449, 65496, 65498] 
151.135 33060 1 0 0 0 0 8952 39672 76 6 [33060, 33115, 65448, 65449, 65496, 65498] 
152.135 33060 1 0 0 0 0 8952 39672 76 6 [33060, 33115, 65448, 65449, 65496, 65498] 
153.138 33060 1 0 0 0 0 8952 39672 76 6 [33060, 33115, 65448, 65449, 65496, 65498] 
154.138 33060 1 0 0 0 0 8952 39672 76 6 [33060, 33115, 65448, 65449, 65496, 65498] 
155.148 33060 1 0 0 0 0 8952 39672 76 6 [33060, 33115, 65448, 65449, 65496, 65498] 
156.151 33060 1 0 1 0 0 8952 40696 76 7 [33060, 33115, 65448, 65449, 65496, 65497, 65498] 
157.176 33060 1 0 0 0 0 8952 40696 76 7 [33060, 33115, 65448, 65449, 65496, 65497, 65498] 
158.176 33060 1 0 0 0 0 8952 40696 76 7 [33060, 33115, 65448, 65449, 65496, 65497, 65498] 
159.176 33060 1 0 0 0 0 8952 40696 76 7 [33060, 33115, 65448, 65449, 65496, 65497, 65498] 
160.176 33060 1 0 0 0 0 8952 40696 76 7 [33060, 33115, 65448, 65449, 65496, 65497, 65498] 
161.176 33060 1 0 0 0 0 8952 40696 76 7 [33060, 33115, 65448, 65449, 65496, 65497, 65498] 
162.176 33060 1 0 0 0 0 8952 41720 76 7 [33060, 33115, 65448, 65449, 65496, 65497, 65498] 
163.176 33060 1 0 0 0 0 8952 41720 76 7 [33060, 33115, 65448, 65449, 65496, 65497, 65498] 
164.182 33060 1 0 0 0 0 8952 41720 76 7 [33060, 33115, 65448, 65449, 65496, 65497, 65498] 
165.182 33060 1 0 0 0 0 8952 41720 76 7 [33060, 33115, 65448, 65449, 65496, 65497, 65498] 
166.182 33060 1 0 0 0 0 8952 41720 76 7 [33060, 33115, 65448, 65449, 65496, 65497, 65498] 
167.185 33060 1 0 0 0 0 8952 41720 76 7 [33060, 33115, 65448, 65449, 65496, 65497, 65498] 
168.185 33060 1 0 0 0 0 8952 41720 76 7 [33060, 33115, 65448, 65449, 65496, 65497, 65498] 
169.185 33060 1 0 0 0 0 8952 41720 76 7 [33060, 33115, 65448, 65449, 65496, 65497, 65498] 
170.192 33060 1 0 0 0 0 8952 41720 76 7 [33060, 33115, 65448, 65449, 65496, 65497, 65498] 
171.192 33060 1 0 0 0 0 8952 41720 76 7 [33060, 33115, 65448, 65449, 65496, 65497, 65498] 
172.194 33060 1 0 0 0 0 8952 41720 76 7 [33060, 33115, 65448, 65449, 65496, 65497, 65498] 
173.194 33060 1 0 0 0 0 8952 41720 76 7 [33060, 33115, 65448, 65449, 65496, 65497, 65498] 
174.194 33060 1 0 0 0 0 8952 41720 76 7 [33060, 33115, 65448, 65449, 65496, 65497, 65498] 
175.198 33060 1 0 0 0 0 8952 41720 76 7 [33060, 33115, 65448, 65449, 65496, 65497, 65498] 
176.198 33060 1 0 0 0 0 8952 41720 76 7 [33060, 33115, 65448, 65449, 65496, 65497, 65498] 
177.2 33060 1 0 0 0 0 8952 41720 76 7 [33060, 33115, 65448, 65449, 65496, 65497, 65498] 
178.202 33060 1 0 0 0 0 8952 41720 76 7 [33060, 33115, 65448, 65449, 65496, 65497, 65498] 
179.202 33060 1 0 0 0 0 8952 41720 76 7 [33060, 33115, 65448, 65449, 65496, 65497, 65498] 
180.226 33060 1 0 0 0 0 8952 41720 76 7 [33060, 33115, 65448, 65449, 65496, 65497, 65498] 
181.226 33060 1 0 0 0 0 8952 41720 76 7 [33060, 33115, 65448, 65449, 65496, 65497, 65498] 
182.226 33060 1 0 0 0 0 8952 41720 76 7 [33060, 33115, 65448, 65449, 65496, 65497, 65498] 
183.226 33060 1 0 0 0 0 8952 41720 76 7 [33060, 33115, 65448, 65449, 65496, 65497, 65498] 
184.241 33060 1 0 0 0 0 8952 41720 76 7 [33060, 33115, 65448, 65449, 65496, 65497, 65498] 
185.241 33060 1 0 0 0 0 8952 41720 76 7 [33060, 33115, 65448, 65449, 65496, 65497, 65498] 
186.243 33060 1 0 0 0 0 8952 41720 76 7 [33060, 33115, 65448, 65449, 65496, 65497, 65498] 
187.243 33060 1 0 0 0 0 8952 41720 76 7 [33060, 33115, 65448, 65449, 65496, 65497, 65498] 
188.243 33060 1 0 0 0 0 8952 41720 76 7 [33060, 33115, 65448, 65449, 65496, 65497, 65498] 
189.243 33060 1 0 0 0 0 8952 41720 76 7 [33060, 33115, 65448, 65449, 65496, 65497, 65498] 
190.243 33060 1 0 0 0 0 8952 41720 76 7 [33060, 33115, 65448, 65449, 65496, 65497, 65498] 
191.243 33060 1 0 0 0 0 8952 41720 76 7 [33060, 33115, 65448, 65449, 65496, 65497, 65498] 
192.284 33060 1 0 0 0 0 8952 41720 76 7 [33060, 33115, 65448, 65449, 65496, 65497, 65498] 
193.284 33060 1 0 0 0 0 8952 41720 76 7 [33060, 33115, 65448, 65449, 65496, 65497, 65498] 
194.284 33060 1 0 0 0 0 8952 41720 76 7 [33060, 33115, 65448, 65449, 65496, 65497, 65498] 
195.284 33060 1 0 0 0 0 8952 41720 76 7 [33060, 33115, 65448, 65449, 65496, 65497, 65498] 
196.284 33060 1 0 0 0 0 8952 41720 76 7 [33060, 33115, 65448, 65449, 65496, 65497, 65498] 
197.284 33060 1 0 0 0 0 8952 41720 76 7 [33060, 33115, 65448, 65449, 65496, 65497, 65498] 
198.299 33060 1 0 0 0 0 8952 41720 76 7 [33060, 33115, 65448, 65449, 65496, 65497, 65498] 
199.299 33060 1 0 0 0 0 8952 41720 76 7 [33060, 33115, 65448, 65449, 65496, 65497, 65498] 
200.302 33060 1 0 0 0 0 8952 41720 76 7 [33060, 33115, 65448, 65449, 65496, 65497, 65498] 
201.326 33060 1 0 0 0 0 8952 41720 76 7 [33060, 33115, 65448, 65449, 65496, 65497, 65498] 
202.326 33060 1 0 0 0 0 8952 41720 76 7 [33060, 33115, 65448, 65449, 65496, 65497, 65498] 
203.326 33060 1 0 0 0 0 8952 41720 76 7 [33060, 33115, 65448, 65449, 65496, 65497, 65498] 
204.326 33060 1 0 0 0 0 8952 41720 76 7 [33060, 33115, 65448, 65449, 65496, 65497, 65498] 
205.343 33060 1 0 0 0 0 8952 41720 76 7 [33060, 33115, 65448, 65449, 65496, 65497, 65498] 
206.343 33060 1 0 0 0 0 8952 41720 76 7 [33060, 33115, 65448, 65449, 65496, 65497, 65498] 
207.343 33060 1 0 0 0 0 8952 41720 76 7 [33060, 33115, 65448, 65449, 65496, 65497, 65498] 
208.344 33060 1 0 0 0 0 8952 41720 76 7 [33060, 33115, 65448, 65449, 65496, 65497, 65498] 
209.344 33060 1 0 0 0 0 8952 41720 76 7 [33060, 33115, 65448, 65449, 65496, 65497, 65498] 
210.354 33060 1 0 0 0 0 8952 41720 76 7 [33060, 33115, 65448, 65449, 65496, 65497, 65498] 
211.36 33060 1 0 0 0 0 8952 41720 76 7 [33060, 33115, 65448, 65449, 65496, 65497, 65498] 
212.36 33060 1 0 0 0 0 8952 41720 76 7 [33060, 33115, 65448, 65449, 65496, 65497, 65498] 
213.369 33060 1 0 0 0 0 8952 41720 76 7 [33060, 33115, 65448, 65449, 65496, 65497, 65498] 
214.369 33060 1 0 0 0 0 8952 41720 76 6 [33060, 33115, 65448, 65449, 65496, 65498] 
215.376 33060 1 0 0 0 0 8952 41720 76 6 [33060, 33115, 65448, 65449, 65496, 65498] 
216.376 33060 1 0 0 0 0 8952 41720 76 7 [33060, 33115, 65448, 65449, 65496, 65497, 65498] 
217.385 33060 1 0 0 0 0 8952 41720 76 7 [33060, 33115, 65448, 65449, 65496, 65497, 65498] 
218.385 33060 1 0 0 0 0 8952 41720 76 7 [33060, 33115, 65448, 65449, 65496, 65497, 65498] 
219.385 33060 1 0 0 0 0 8952 41720 76 7 [33060, 33115, 65448, 65449, 65496, 65497, 65498] 
220.395 33060 1 0 0 0 0 8952 41720 76 6 [33060, 33115, 65448, 65449, 65496, 65498] 
221.395 33060 1 0 0 0 0 8952 41720 76 6 [33060, 33115, 65448, 65449, 65496, 65498] 
222.401 33060 1 0 0 0 0 8952 41720 76 7 [33060, 33115, 65448, 65449, 65496, 65497, 65498] 
223.401 33060 2 0 0 0 0 8952 41720 76 6 [33115, 65448, 65449, 65496, 65497, 65498] 
224.403 33060 2 0 0 0 0 8952 41720 76 6 [33115, 65448, 65449, 65496, 65497, 65498] 
225.403 33060 2 0 0 0 0 8952 41720 76 6 [33115, 65448, 65449, 65496, 65497, 65498] 
226.403 33060 2 0 0 0 0 8952 41720 76 6 [33115, 65448, 65449, 65496, 65497, 65498] 
227.404 33060 2 0 0 0 0 8952 41720 76 6 [33115, 65448, 65449, 65496, 65497, 65498] 
228.409 33060 2 0 0 0 0 8952 41720 76 6 [33115, 65448, 65449, 65496, 65497, 65498] 
229.411 33060 3 0 0 0 0 8952 41720 76 6 [33115, 65448, 65449, 65496, 65497, 65498] 
230.411 33060 3 0 0 0 0 8952 41720 76 6 [33115, 65448, 65449, 65496, 65497, 65498] 
231.421 33060 2 0 1 0 0 8952 41720 76 6 [33115, 65448, 65449, 65496, 65497, 65498] 
232.426 33060 2 0 1 0 0 8952 41720 76 6 [33115, 65448, 65449, 65496, 65497, 65498] 
233.429 33060 2 0 1 0 0 8952 41720 76 6 [33115, 65448, 65449, 65496, 65497, 65498] 
234.429 33060 2 0 1 0 0 8952 41720 76 6 [33115, 65448, 65449, 65496, 65497, 65498] 
235.429 33060 2 0 1 0 0 8952 41720 76 6 [33115, 65448, 65449, 65496, 65497, 65498] 
236.431 33060 1 0 1 0 0 8952 41720 76 7 [33060, 33115, 65448, 65449, 65496, 65497, 65498] 
237.447 33060 1 0 1 0 0 8952 41720 76 7 [33060, 33115, 65448, 65449, 65496, 65497, 65498] 
238.447 33060 1 0 1 0 0 8952 41720 76 7 [33060, 33115, 65448, 65449, 65496, 65497, 65498] 
239.447 33060 1 0 1 0 0 8952 41720 76 7 [33060, 33115, 65448, 65449, 65496, 65497, 65498] 
240.447 33060 1 0 1 0 0 8952 41720 76 7 [33060, 33115, 65448, 65449, 65496, 65497, 65498] 
241.447 33060 1 0 1 0 0 8952 41720 76 7 [33060, 33115, 65448, 65449, 65496, 65497, 65498] 
242.466 33060 2 0 1 0 0 8952 41720 76 6 [33115, 65448, 65449, 65496, 65497, 65498] 
243.466 33060 2 0 1 0 0 8952 41720 76 6 [33115, 65448, 65449, 65496, 65497, 65498] 
244.466 33060 2 0 1 0 0 8952 41720 76 6 [33115, 65448, 65449, 65496, 65497, 65498] 
245.466 33060 2 0 1 0 0 8952 41720 76 6 [33115, 65448, 65449, 65496, 65497, 65498] 
246.466 33060 2 0 1 0 0 8952 41720 76 6 [33115, 65448, 65449, 65496, 65497, 65498] 
247.466 33060 1 0 1 0 0 8952 41720 76 7 [33060, 33115, 65448, 65449, 65496, 65497, 65498] 
248.466 33060 1 0 1 0 0 8952 41720 76 7 [33060, 33115, 65448, 65449, 65496, 65497, 65498] 
249.473 33060 1 0 1 0 0 8952 41720 76 7 [33060, 33115, 65448, 65449, 65496, 65497, 65498] 
250.473 33060 1 0 1 0 0 8952 41720 76 7 [33060, 33115, 65448, 65449, 65496, 65497, 65498] 
251.473 33060 1 0 1 0 0 8952 41720 76 6 [33060, 33115, 65448, 65496, 65497, 65498] 
252.473 33060 1 0 1 0 0 8952 41720 76 6 [33060, 33115, 65448, 65496, 65497, 65498] 
253.473 33060 1 0 0 0 0 8952 41720 76 6 [33060, 33115, 65448, 65496, 65497, 65498] 
254.474 33060 1 0 0 0 0 8952 41720 76 6 [33060, 33115, 65448, 65496, 65497, 65498] 
255.474 33060 1 0 0 0 0 8952 41720 76 6 [33060, 33115, 65448, 65496, 65497, 65498] 
256.474 33060 1 0 0 0 0 8952 41720 76 6 [33060, 33115, 65448, 65496, 65497, 65498] 
257.485 33060 1 0 0 0 0 8952 41720 76 6 [33060, 33115, 65448, 65496, 65497, 65498] 
258.485 33060 1 0 0 0 0 8952 41720 76 6 [33060, 33115, 65448, 65496, 65497, 65498] 
259.485 33060 1 0 0 0 0 8952 41720 76 6 [33060, 33115, 65448, 65496, 65497, 65498] 
260.494 33060 1 0 0 0 0 8952 41720 76 6 [33060, 33115, 65448, 65496, 65497, 65498] 
261.494 33060 1 0 1 0 0 8952 41720 76 6 [33060, 33115, 65448, 65496, 65497, 65498] 
262.494 33060 1 0 0 0 0 8952 41720 76 6 [33060, 33115, 65448, 65496, 65497, 65498] 
263.494 33060 1 0 0 0 0 8952 41720 76 6 [33060, 33115, 65448, 65496, 65497, 65498] 
264.494 33060 1 0 0 0 0 8952 41720 76 6 [33060, 33115, 65448, 65496, 65497, 65498] 
265.494 33060 1 0 0 0 0 8952 41720 76 6 [33060, 33115, 65448, 65496, 65497, 65498] 
266.494 33060 1 0 0 0 0 8952 41720 76 6 [33060, 33115, 65448, 65496, 65497, 65498] 
267.499 33060 1 0 0 0 0 8952 41720 76 6 [33060, 33115, 65448, 65496, 65497, 65498] 
268.499 33060 1 0 1 0 0 8952 41720 76 6 [33060, 33115, 65448, 65496, 65497, 65498] 
269.499 33060 1 0 0 0 0 8952 41720 76 6 [33060, 33115, 65448, 65496, 65497, 65498] 
270.505 33060 1 0 0 0 0 8952 41720 76 6 [33060, 33115, 65448, 65496, 65497, 65498] 
271.505 33060 1 0 0 0 0 8952 41720 76 6 [33060, 33115, 65448, 65496, 65497, 65498] 
272.505 33060 1 0 0 0 0 8952 41720 76 6 [33060, 33115, 65448, 65496, 65497, 65498] 
273.511 33060 1 0 0 0 0 8952 41720 76 6 [33060, 33115, 65448, 65496, 65497, 65498] 
274.511 33060 1 0 0 0 0 8952 41720 76 6 [33060, 33115, 65448, 65496, 65497, 65498] 
275.511 33060 1 0 0 0 0 8952 41720 76 6 [33060, 33115, 65448, 65496, 65497, 65498] 
276.519 33060 1 0 0 0 0 8952 41720 76 6 [33060, 33115, 65448, 65496, 65497, 65498] 
277.524 33060 1 0 0 0 0 8952 41720 76 6 [33060, 33115, 65448, 65496, 65497, 65498] 
278.524 33060 1 0 0 0 0 8952 41720 76 6 [33060, 33115, 65448, 65496, 65497, 65498] 
279.527 33060 1 0 0 0 0 8952 41720 76 6 [33060, 33115, 65448, 65496, 65497, 65498] 
280.528 33060 1 0 0 0 0 8952 41720 76 6 [33060, 33115, 65448, 65496, 65497, 65498] 
281.528 33060 2 0 1 0 0 8952 41720 76 5 [33115, 65448, 65496, 65497, 65498] 
282.528 33060 2 0 1 0 0 8952 41720 76 5 [33115, 65448, 65496, 65497, 65498] 
283.53 33060 2 0 1 0 0 8952 41720 76 5 [33115, 65448, 65496, 65497, 65498] 
284.534 33060 2 0 1 0 0 8952 41720 76 5 [33115, 65448, 65496, 65497, 65498] 
285.534 33060 2 0 1 0 0 8952 41720 76 5 [33115, 65448, 65496, 65497, 65498] 
286.534 33060 2 0 1 0 0 8952 41720 76 5 [33115, 65448, 65496, 65497, 65498] 
287.534 33060 2 0 1 0 0 8952 41720 76 5 [33115, 65448, 65496, 65497, 65498] 
288.534 33060 2 0 1 0 0 8952 41720 76 5 [33115, 65448, 65496, 65497, 65498] 
289.534 33060 2 0 1 0 0 8952 41720 76 5 [33115, 65448, 65496, 65497, 65498] 
290.557 33060 2 0 1 0 0 8952 41720 76 5 [33115, 65448, 65496, 65497, 65498] 
291.557 33060 2 0 1 0 0 8952 41720 76 5 [33115, 65448, 65496, 65497, 65498] 
292.557 33060 2 0 1 0 0 8952 41720 76 5 [33115, 65448, 65496, 65497, 65498] 
293.557 33060 2 0 1 0 0 8952 41720 76 5 [33115, 65448, 65496, 65497, 65498] 
294.557 33060 2 0 1 0 0 8952 41720 76 4 [33115, 65448, 65496, 65497] 
295.557 33060 2 0 1 0 0 8952 41720 76 5 [33115, 65448, 65496, 65497, 65498] 
296.557 33060 2 0 1 0 0 8952 41720 76 5 [33115, 65448, 65496, 65497, 65498] 
297.557 33060 2 0 1 0 0 8952 41720 76 5 [33115, 65448, 65496, 65497, 65498] 
298.557 33060 2 0 1 0 0 8952 41720 76 5 [33115, 65448, 65496, 65497, 65498] 
299.557 33060 2 0 1 0 0 8952 41720 76 5 [33115, 65448, 65496, 65497, 65498] 
300.557 33060 2 0 1 0 0 8952 41720 76 5 [33115, 65448, 65496, 65497, 65498] 
301.557 33060 2 0 1 0 0 8952 41720 76 5 [33115, 65448, 65496, 65497, 65498] 
302.557 33060 2 0 1 0 0 8952 41720 76 5 [33115, 65448, 65496, 65497, 65498] 
303.557 33060 2 0 1 0 0 8952 41720 76 5 [33115, 65448, 65496, 65497, 65498] 
304.567 33060 2 0 1 0 0 8952 41720 76 5 [33115, 65448, 65496, 65497, 65498] 
305.567 33060 2 0 1 0 0 8952 41720 76 5 [33115, 65448, 65496, 65497, 65498] 
306.57 33060 2 0 1 0 0 8952 41720 76 5 [33115, 65448, 65496, 65497, 65498] 
307.57 33060 2 0 0 0 0 8952 41720 76 5 [33115, 65448, 65496, 65497, 65498] 
308.576 33060 2 0 0 0 0 8952 41720 76 5 [33115, 65448, 65496, 65497, 65498] 
309.576 33060 2 0 0 0 0 8952 41720 76 5 [33115, 65448, 65496, 65497, 65498] 
310.583 33060 2 0 0 0 0 8952 41720 76 5 [33115, 65448, 65496, 65497, 65498] 
311.583 33060 2 0 0 0 0 8952 41720 76 5 [33115, 65448, 65496, 65497, 65498] 
312.583 33060 2 0 0 0 0 8952 41720 76 5 [33115, 65448, 65496, 65497, 65498] 
313.583 33060 2 0 0 0 0 8952 41720 76 5 [33115, 65448, 65496, 65497, 65498] 
314.584 33060 2 0 0 0 0 8952 41720 76 5 [33115, 65448, 65496, 65497, 65498] 
315.584 33060 2 0 0 0 0 8952 41720 76 5 [33115, 65448, 65496, 65497, 65498] 
316.584 33060 2 0 1 0 0 8952 41720 76 5 [33115, 65448, 65496, 65497, 65498] 
317.584 33060 2 0 1 0 0 8952 41720 76 5 [33115, 65448, 65496, 65497, 65498] 
318.584 33060 2 0 1 0 0 8952 41720 76 5 [33115, 65448, 65496, 65497, 65498] 
319.584 33060 2 0 1 0 0 8952 41720 76 5 [33115, 65448, 65496, 65497, 65498] 
320.584 33060 2 0 1 0 0 8952 41720 76 5 [33115, 65448, 65496, 65497, 65498] 
321.584 33060 2 0 1 0 0 8952 41720 76 5 [33115, 65448, 65496, 65497, 65498] 
322.584 33060 2 0 1 0 0 8952 41720 76 5 [33115, 65448, 65496, 65497, 65498] 
323.584 33060 2 0 1 0 0 8952 41720 76 5 [33115, 65448, 65496, 65497, 65498] 
324.584 33060 2 0 1 0 0 8952 41720 76 5 [33115, 65448, 65496, 65497, 65498] 
325.607 33060 2 0 1 0 0 8952 41720 76 5 [33115, 65448, 65496, 65497, 65498] 
326.607 33060 2 0 1 0 0 8952 41720 76 5 [33115, 65448, 65496, 65497, 65498] 
327.609 33060 2 0 1 0 0 8952 41720 76 5 [33115, 65448, 65496, 65497, 65498] 
328.609 33060 2 0 1 0 0 8952 41720 76 5 [33115, 65448, 65496, 65497, 65498] 
329.609 33060 2 0 1 0 0 8952 41720 76 5 [33115, 65448, 65496, 65497, 65498] 
330.615 33060 2 0 1 0 0 8952 41720 76 5 [33115, 65448, 65496, 65497, 65498] 
331.615 33060 2 0 1 0 0 8952 41720 76 5 [33115, 65448, 65496, 65497, 65498] 
332.615 33060 2 0 1 0 0 8952 41720 76 5 [33115, 65448, 65496, 65497, 65498] 
333.615 33060 2 0 1 0 0 8952 41720 76 5 [33115, 65448, 65496, 65497, 65498] 
334.615 33060 2 0 1 0 0 8952 41720 76 5 [33115, 65448, 65496, 65497, 65498] 
335.615 33060 2 0 1 0 0 8952 41720 76 5 [33115, 65448, 65496, 65497, 65498] 
336.615 33060 2 0 1 0 0 8952 41720 76 5 [33115, 65448, 65496, 65497, 65498] 
337.632 33060 2 0 1 0 0 8952 41720 76 5 [33115, 65448, 65496, 65497, 65498] 
338.632 33060 2 0 1 0 0 8952 41720 76 5 [33115, 65448, 65496, 65497, 65498] 
339.632 33060 2 0 1 0 0 8952 41720 76 5 [33115, 65448, 65496, 65497, 65498] 
340.638 33060 2 0 1 0 0 8952 41720 76 5 [33115, 65448, 65496, 65497, 65498] 
341.646 33060 2 0 1 0 0 8952 41720 76 5 [33115, 65448, 65496, 65497, 65498] 
342.646 33060 2 0 1 0 0 8952 41720 76 5 [33115, 65448, 65496, 65497, 65498] 
343.646 33060 2 0 1 0 0 8952 41720 76 5 [33115, 65448, 65496, 65497, 65498] 
344.654 33060 2 0 1 0 0 8952 41720 76 5 [33115, 65448, 65496, 65497, 65498] 
345.654 33060 2 0 1 0 0 8952 41720 76 5 [33115, 65448, 65496, 65497, 65498] 
346.654 33060 2 0 1 0 0 8952 41720 76 5 [33115, 65448, 65496, 65497, 65498] 
347.654 33060 2 0 1 0 0 8952 41720 76 5 [33115, 65448, 65496, 65497, 65498] 
348.659 33060 2 0 1 0 0 8952 41720 76 5 [33115, 65448, 65496, 65497, 65498] 
349.659 33060 2 0 0 0 0 8952 41720 76 5 [33115, 65448, 65496, 65497, 65498] 
350.659 33060 2 0 0 0 0 8952 41720 76 5 [33115, 65448, 65496, 65497, 65498] 
351.659 33060 2 0 0 0 0 8952 41720 76 5 [33115, 65448, 65496, 65497, 65498] 
352.664 33060 2 0 0 0 0 8952 41720 76 5 [33115, 65448, 65496, 65497, 65498] 
353.664 33060 2 0 0 0 0 8952 41720 76 5 [33115, 65448, 65496, 65497, 65498] 
354.664 33060 2 0 0 0 0 8952 41720 76 5 [33115, 65448, 65496, 65497, 65498] 
355.664 33060 2 0 0 0 0 8952 41720 76 5 [33115, 65448, 65496, 65497, 65498] 
356.664 33060 2 0 0 0 0 8952 41720 76 5 [33115, 65448, 65496, 65497, 65498] 
357.672 33060 2 0 0 0 0 8952 41720 76 5 [33115, 65448, 65496, 65497, 65498] 
358.672 33060 2 0 0 0 0 8952 41720 76 5 [33115, 65448, 65496, 65497, 65498] 
359.677 33060 2 0 0 0 0 8952 41720 76 5 [33115, 65448, 65496, 65497, 65498] 
360.677 33060 2 0 0 0 0 8952 41720 76 5 [33115, 65448, 65496, 65497, 65498] 
361.677 33060 2 0 0 0 0 8952 41720 76 5 [33115, 65448, 65496, 65497, 65498] 
362.677 33060 2 0 0 0 0 8952 41720 76 5 [33115, 65448, 65496, 65497, 65498] 
363.677 33060 2 0 0 0 0 8952 41720 76 5 [33115, 65448, 65496, 65497, 65498] 
364.677 33060 2 0 0 0 0 8952 41720 76 5 [33115, 65448, 65496, 65497, 65498] 
365.682 33060 2 0 0 0 0 8952 41720 76 5 [33115, 65448, 65496, 65497, 65498] 
366.682 33060 2 0 0 0 0 8952 41720 76 5 [33115, 65448, 65496, 65497, 65498] 
367.688 33060 2 0 0 0 0 8952 41720 76 5 [33115, 65448, 65496, 65497, 65498] 
368.688 33060 2 0 0 0 0 8952 41720 76 5 [33115, 65448, 65496, 65497, 65498] 
369.688 33060 2 0 0 0 0 8952 41720 76 5 [33115, 65448, 65496, 65497, 65498] 
370.688 33060 2 0 0 0 0 8952 41720 76 5 [33115, 65448, 65496, 65497, 65498] 
371.688 33060 2 0 0 0 0 8952 41720 76 5 [33115, 65448, 65496, 65497, 65498] 
372.688 33060 2 0 0 0 0 8952 41720 76 5 [33115, 65448, 65496, 65497, 65498] 
373.688 33060 2 0 0 0 0 8952 41720 76 5 [33115, 65448, 65496, 65497, 65498] 
374.688 33060 2 0 1 0 0 8952 41720 76 5 [33115, 65448, 65496, 65497, 65498] 
375.688 33060 2 0 1 0 0 8952 41720 76 5 [33115, 65448, 65496, 65497, 65498] 
376.688 33060 2 0 1 0 0 8952 41720 76 5 [33115, 65448, 65496, 65497, 65498] 
377.688 33060 2 0 0 0 0 8952 41720 76 5 [33115, 65448, 65496, 65497, 65498] 
378.688 33060 2 0 0 0 0 8952 41720 76 5 [33115, 65448, 65496, 65497, 65498] 
379.688 33060 2 0 0 0 0 8952 41720 76 4 [33115, 65448, 65496, 65497] 
380.688 33060 2 0 0 0 0 8952 41720 76 4 [33115, 65448, 65496, 65497] 
381.688 33060 2 0 0 0 0 8952 41720 76 4 [33115, 65448, 65496, 65497] 
382.688 33060 2 0 0 0 0 8952 41720 76 4 [33115, 65448, 65496, 65497] 
383.688 33060 2 0 0 0 0 8952 41720 76 4 [33115, 65448, 65496, 65497] 
384.688 33060 2 0 1 0 0 8952 41720 76 4 [33115, 65448, 65496, 65497] 
385.688 33060 2 0 1 0 0 8952 41720 76 4 [33115, 65448, 65496, 65497] 
386.704 33060 2 0 0 0 0 8952 41720 76 4 [33115, 65448, 65496, 65497] 
387.704 33060 2 0 0 0 0 8952 41720 76 4 [33115, 65448, 65496, 65497] 
388.704 33060 2 0 0 0 0 8952 41720 76 4 [33115, 65448, 65496, 65497] 
389.704 33060 2 0 0 0 0 8952 41720 76 4 [33115, 65448, 65496, 65497] 
390.704 33060 2 0 0 0 0 8952 41720 76 4 [33115, 65448, 65496, 65497] 
391.704 33060 2 0 0 0 0 8952 41720 76 4 [33115, 65448, 65496, 65497] 
392.704 33060 2 0 1 0 0 8952 41720 76 4 [33115, 65448, 65496, 65497] 
393.704 33060 2 0 1 0 0 8952 41720 76 4 [33115, 65448, 65496, 65497] 
394.704 33060 2 0 1 0 0 8952 41720 76 4 [33115, 65448, 65496, 65497] 
395.704 33060 2 0 1 0 0 8952 41720 76 4 [33115, 65448, 65496, 65497] 
396.704 33060 2 0 1 0 0 8952 41720 76 4 [33115, 65448, 65496, 65497] 
397.704 33060 2 0 1 0 0 8952 41720 76 4 [33115, 65448, 65496, 65497] 
398.704 33060 2 0 1 0 0 8952 41720 76 4 [33115, 65448, 65496, 65497] 
399.704 33060 2 0 1 0 0 8952 41720 76 4 [33115, 65448, 65496, 65497] 
400.704 33060 2 0 1 0 0 8952 41720 76 4 [33115, 65448, 65496, 65497] 
401.704 33060 2 0 1 0 0 8952 41720 76 4 [33115, 65448, 65496, 65497] 
402.704 33060 2 0 0 0 0 8952 41720 76 4 [33115, 65448, 65496, 65497] 
403.704 33060 2 0 0 0 0 8952 41720 76 3 [33115, 65448, 65496] 
404.704 33060 2 0 0 0 0 8952 41720 76 3 [33115, 65448, 65496] 
405.704 33060 2 0 0 0 0 8952 41720 76 3 [33115, 65448, 65496] 
406.704 33060 2 0 0 0 0 8952 41720 76 3 [33115, 65448, 65496] 
407.704 33060 2 0 0 0 0 8952 41720 76 3 [33115, 65448, 65496] 
408.704 33060 2 0 0 0 0 8952 41720 76 3 [33115, 65448, 65496] 
409.706 33060 2 0 1 0 0 8952 41720 76 3 [33115, 65448, 65496] 
410.706 33060 2 0 1 0 0 8952 41720 76 3 [33115, 65448, 65496] 
411.708 33060 2 0 1 0 0 8952 41720 76 3 [33115, 65448, 65496] 
412.708 33060 2 0 1 0 0 8952 41720 76 3 [33115, 65448, 65496] 
413.708 33060 2 0 1 0 0 8952 41720 76 3 [33115, 65448, 65496] 
414.708 33060 2 0 1 0 0 8952 41720 76 3 [33115, 65448, 65496] 
415.708 33060 2 0 0 0 0 8952 41720 76 3 [33115, 65448, 65496] 
416.708 33060 2 0 0 0 0 8952 41720 76 3 [33115, 65448, 65496] 
417.709 33060 2 0 0 0 0 8952 41720 76 3 [33115, 65448, 65496] 
418.709 33060 2 0 0 0 0 8952 41720 76 3 [33115, 65448, 65496] 
419.709 33060 2 0 0 0 0 8952 41720 76 3 [33115, 65448, 65496] 
420.709 33060 2 0 0 0 0 8952 41720 76 3 [33115, 65448, 65496] 
421.709 33060 2 0 0 0 0 8952 41720 76 3 [33115, 65448, 65496] 
422.709 33060 2 0 0 0 0 8952 41720 76 3 [33115, 65448, 65496] 
423.709 33060 2 0 0 0 0 8952 41720 76 3 [33115, 65448, 65496] 
424.709 33060 2 0 0 0 0 8952 41720 76 3 [33115, 65448, 65496] 
425.709 33060 2 0 1 0 0 8952 41720 76 3 [33115, 65448, 65496] 
426.709 33060 2 0 1 0 0 8952 41720 76 3 [33115, 65448, 65496] 
427.709 33060 2 0 1 0 0 8952 41720 76 3 [33115, 65448, 65496] 
428.709 33060 2 0 1 0 0 8952 41720 76 3 [33115, 65448, 65496] 
429.709 33060 2 0 1 0 0 8952 41720 76 3 [33115, 65448, 65496] 
430.709 33060 2 0 1 0 0 8952 41720 76 3 [33115, 65448, 65496] 
431.709 33060 2 0 1 0 0 8952 41720 76 3 [33115, 65448, 65496] 
432.709 33060 2 0 1 0 0 8952 41720 76 3 [33115, 65448, 65496] 
433.709 33060 2 0 1 0 0 8952 41720 76 3 [33115, 65448, 65496] 
434.709 33060 2 0 1 0 0 8952 41720 76 3 [33115, 65448, 65496] 
435.709 33060 2 0 1 0 0 8952 41720 76 3 [33115, 65448, 65496] 
436.711 33060 2 0 1 0 0 8952 41720 76 3 [33115, 65448, 65496] 
437.711 33060 2 0 1 0 0 8952 41720 76 3 [33115, 65448, 65496] 
438.711 33060 2 0 1 0 0 8952 41720 76 3 [33115, 65448, 65496] 
439.711 33060 2 0 1 0 0 8952 41720 76 3 [33115, 65448, 65496] 
440.712 33060 2 0 1 0 0 8952 41720 76 3 [33115, 65448, 65496] 
441.712 33060 2 0 1 0 0 8952 41720 76 3 [33115, 65448, 65496] 
442.717 33060 2 0 1 0 0 8952 41720 76 3 [33115, 65448, 65496] 
443.717 33060 2 0 1 0 0 8952 41720 76 3 [33115, 65448, 65496] 
444.717 33060 2 0 1 0 0 8952 41720 76 3 [33115, 65448, 65496] 
445.717 33060 2 0 1 0 0 8952 41720 76 3 [33115, 65448, 65496] 
446.717 33060 2 0 1 0 0 8952 41720 76 3 [33115, 65448, 65496] 
447.717 33060 2 0 1 0 0 8952 41720 76 3 [33115, 65448, 65496] 
448.717 33060 2 0 1 0 0 8952 41720 76 3 [33115, 65448, 65496] 
449.717 33060 2 0 1 0 0 8952 41720 76 3 [33115, 65448, 65496] 
450.717 33060 2 0 1 0 0 8952 41720 76 3 [33115, 65448, 65496] 
451.722 33060 2 0 1 0 0 8952 41720 76 3 [33115, 65448, 65496] 
452.722 33060 2 0 1 0 0 8952 41720 76 3 [33115, 65448, 65496] 
453.722 33060 2 0 1 0 0 8952 41720 76 3 [33115, 65448, 65496] 
454.722 33060 2 0 1 0 0 8952 41720 76 3 [33115, 65448, 65496] 
455.722 33060 2 0 1 0 0 8952 41720 76 3 [33115, 65448, 65496] 
456.722 33060 2 0 1 0 0 8952 41720 76 3 [33115, 65448, 65496] 
457.723 33060 2 0 1 0 0 8952 41720 76 3 [33115, 65448, 65496] 
458.723 33060 2 0 1 0 0 8952 41720 76 3 [33115, 65448, 65496] 
459.723 33060 2 0 1 0 0 8952 41720 76 3 [33115, 65448, 65496] 
460.723 33060 2 0 1 0 0 8952 41720 76 3 [33115, 65448, 65496] 
461.723 33060 2 0 1 0 0 8952 41720 76 3 [33115, 65448, 65496] 
462.723 33060 2 0 1 0 0 8952 41720 76 3 [33115, 65448, 65496] 
463.723 33060 2 0 1 0 0 8952 41720 76 3 [33115, 65448, 65496] 
464.723 33060 2 0 1 0 0 8952 41720 76 3 [33115, 65448, 65496] 
465.723 33060 2 0 1 0 0 8952 41720 76 3 [33115, 65448, 65496] 
466.73 33060 2 0 1 0 0 8952 41720 76 3 [33115, 65448, 65496] 
467.73 33060 2 0 1 0 0 8952 41720 76 3 [33115, 65448, 65496] 
468.73 33060 2 0 1 0 0 8952 41720 76 3 [33115, 65448, 65496] 
469.73 33060 2 0 1 0 0 8952 41720 76 3 [33115, 65448, 65496] 
470.73 33060 2 0 1 0 0 8952 41720 76 3 [33115, 65448, 65496] 
471.73 33060 2 0 1 0 0 8952 41720 76 3 [33115, 65448, 65496] 
472.73 33060 2 0 1 0 0 8952 41720 76 3 [33115, 65448, 65496] 
473.731 33060 2 0 1 0 0 8952 41720 76 3 [33115, 65448, 65496] 
474.732 33060 2 0 1 0 0 8952 41720 76 3 [33115, 65448, 65496] 
475.732 33060 2 0 1 0 0 8952 41720 76 3 [33115, 65448, 65496] 
476.732 33060 2 0 1 0 0 8952 41720 76 3 [33115, 65448, 65496] 
477.732 33060 2 0 1 0 0 8952 41720 76 3 [33115, 65448, 65496] 
478.732 33060 2 0 1 0 0 8952 41720 76 3 [33115, 65448, 65496] 
479.732 33060 2 0 1 0 0 8952 41720 76 3 [33115, 65448, 65496] 
480.732 33060 2 0 1 0 0 8952 41720 76 3 [33115, 65448, 65496] 
481.732 33060 2 0 1 0 0 8952 41720 76 3 [33115, 65448, 65496] 
482.732 33060 2 0 1 0 0 8952 41720 76 3 [33115, 65448, 65496] 
483.732 33060 2 0 1 0 0 8952 41720 76 3 [33115, 65448, 65496] 
484.732 33060 2 0 1 0 0 8952 41720 76 3 [33115, 65448, 65496] 
485.733 33060 2 0 1 0 0 8952 41720 76 3 [33115, 65448, 65496] 
486.733 33060 2 0 1 0 0 8952 41720 76 3 [33115, 65448, 65496] 
487.733 33060 2 0 1 0 0 8952 41720 76 3 [33115, 65448, 65496] 
488.733 33060 2 0 1 0 0 8952 41720 76 3 [33115, 65448, 65496] 
489.733 33060 2 0 1 0 0 8952 41720 76 3 [33115, 65448, 65496] 
490.733 33060 2 0 1 0 0 8952 41720 76 3 [33115, 65448, 65496] 
491.733 33060 2 0 1 0 0 8952 41720 76 3 [33115, 65448, 65496] 
492.733 33060 2 0 1 0 0 8952 41720 76 3 [33115, 65448, 65496] 
493.738 33060 2 0 1 0 0 8952 41720 76 3 [33115, 65448, 65496] 
494.738 33060 2 0 1 0 0 8952 41720 76 3 [33115, 65448, 65496] 
495.738 33060 2 0 1 0 0 8952 41720 76 3 [33115, 65448, 65496] 
496.738 33060 2 0 1 0 0 8952 41720 76 3 [33115, 65448, 65496] 
497.738 33060 2 0 1 0 0 8952 41720 76 3 [33115, 65448, 65496] 
498.738 33060 2 0 1 0 0 8952 41720 76 3 [33115, 65448, 65496] 
499.738 33060 2 0 1 0 0 8952 41720 76 3 [33115, 65448, 65496] 
500.738 33060 2 0 1 0 0 8952 41720 76 3 [33115, 65448, 65496] 
501.738 33060 2 0 1 0 0 8952 41720 76 3 [33115, 65448, 65496] 
502.738 33060 2 0 1 0 0 8952 41720 76 3 [33115, 65448, 65496] 
503.738 33060 2 0 1 0 0 8952 41720 76 3 [33115, 65448, 65496] 
504.738 33060 2 0 1 0 0 8952 41720 76 3 [33115, 65448, 65496] 
505.738 33060 2 0 1 0 0 8952 41720 76 3 [33115, 65448, 65496] 
506.738 33060 2 0 1 0 0 8952 41720 76 3 [33115, 65448, 65496] 
507.738 33060 2 0 1 0 0 8952 41720 76 3 [33115, 65448, 65496] 
508.738 33060 2 0 1 0 0 8952 41720 76 3 [33115, 65448, 65496] 
509.738 33060 2 0 1 0 0 8952 41720 76 3 [33115, 65448, 65496] 
510.738 33060 2 0 1 0 0 8952 41720 76 3 [33115, 65448, 65496] 
511.738 33060 2 0 1 0 0 8952 41720 76 3 [33115, 65448, 65496] 
512.738 33060 2 0 1 0 0 8952 41720 76 3 [33115, 65448, 65496] 
513.738 33060 2 0 1 0 0 8952 41720 76 3 [33115, 65448, 65496] 
514.738 33060 2 0 1 0 0 8952 41720 76 3 [33115, 65448, 65496] 
515.738 33060 2 0 1 0 0 8952 41720 76 3 [33115, 65448, 65496] 
516.738 33060 2 0 1 0 0 8952 41720 76 3 [33115, 65448, 65496] 
517.738 33060 2 0 1 0 0 8952 41720 76 3 [33115, 65448, 65496] 
518.738 33060 2 0 1 0 0 8952 41720 76 3 [33115, 65448, 65496] 
519.738 33060 2 0 1 0 0 8952 41720 76 3 [33115, 65448, 65496] 
520.738 33060 2 0 1 0 0 8952 41720 76 3 [33115, 65448, 65496] 
521.738 33060 2 0 1 0 0 8952 41720 76 3 [33115, 65448, 65496] 
522.738 33060 2 0 1 0 0 8952 41720 76 3 [33115, 65448, 65496] 
523.738 33060 2 0 1 0 0 8952 41720 76 3 [33115, 65448, 65496] 
524.738 33060 2 0 1 0 0 8952 41720 76 3 [33115, 65448, 65496] 
525.738 33060 2 0 1 0 0 8952 41720 76 3 [33115, 65448, 65496] 
526.738 33060 2 0 1 0 0 8952 41720 76 3 [33115, 65448, 65496] 
527.738 33060 2 0 1 0 0 8952 41720 76 3 [33115, 65448, 65496] 
528.742 33060 2 0 1 0 0 8952 41720 76 3 [33115, 65448, 65496] 
529.742 33060 2 0 1 0 0 8952 41720 76 3 [33115, 65448, 65496] 
530.742 33060 2 0 1 0 0 8952 41720 76 3 [33115, 65448, 65496] 
531.742 33060 2 0 1 0 0 8952 41720 76 3 [33115, 65448, 65496] 
532.742 33060 2 0 1 0 0 8952 41720 76 3 [33115, 65448, 65496] 
533.742 33060 2 0 1 0 0 8952 41720 76 3 [33115, 65448, 65496] 
534.742 33060 2 0 1 0 0 8952 41720 76 3 [33115, 65448, 65496] 
535.742 33060 2 0 1 0 0 8952 41720 76 3 [33115, 65448, 65496] 
536.742 33060 2 0 1 0 0 8952 41720 76 3 [33115, 65448, 65496] 
537.742 33060 2 0 1 0 0 8952 41720 76 3 [33115, 65448, 65496] 
538.742 33060 2 0 1 0 0 8952 41720 76 3 [33115, 65448, 65496] 
539.744 33060 2 0 1 0 0 8952 41720 76 3 [33115, 65448, 65496] 
540.744 33060 2 0 1 0 1 8952 41720 76 3 [33115, 65448, 65496] 
541.744 33060 2 0 1 0 1 8952 41720 82 3 [33115, 65448, 65496] 
542.744 33060 2 0 1 0 1 8952 41720 82 3 [33115, 65448, 65496] 
543.744 33060 2 0 1 0 1 8952 41720 82 3 [33115, 65448, 65496] 
544.744 33060 2 0 1 0 1 8952 41720 82 3 [33115, 65448, 65496] 
545.744 33060 2 0 1 0 1 8952 41720 82 3 [33115, 65448, 65496] 
546.744 33060 2 0 1 0 1 8952 41720 82 3 [33115, 65448, 65496] 
547.744 33060 2 0 1 0 1 8952 41720 82 3 [33115, 65448, 65496] 
548.744 33060 2 0 1 0 1 8952 41720 82 3 [33115, 65448, 65496] 
549.744 33060 2 0 1 0 1 8952 41720 82 3 [33115, 65448, 65496] 
550.744 33060 2 0 1 0 1 8952 41720 82 3 [33115, 65448, 65496] 
551.744 33060 2 0 1 0 1 8952 41720 82 3 [33115, 65448, 65496] 
552.755 33060 2 0 1 0 1 8952 41720 82 3 [33115, 65448, 65496] 
553.758 33060 2 0 1 0 1 8952 41720 82 3 [33115, 65448, 65496] 
554.758 33060 2 0 1 0 1 8952 41720 82 3 [33115, 65448, 65496] 
555.758 33060 2 0 1 0 1 8952 41720 82 3 [33115, 65448, 65496] 
556.758 33060 2 0 1 0 1 8952 41720 82 3 [33115, 65448, 65496] 
557.758 33060 2 0 1 0 1 8952 41720 82 3 [33115, 65448, 65496] 
558.767 33060 2 0 1 0 1 8952 41720 82 3 [33115, 65448, 65496] 
559.767 33060 2 0 1 0 1 8952 41720 82 3 [33115, 65448, 65496] 
560.767 33060 2 0 1 0 1 8952 41720 82 3 [33115, 65448, 65496] 
561.767 33060 2 0 1 0 1 8952 41720 82 3 [33115, 65448, 65496] 
562.767 33060 2 0 1 0 1 8952 41720 82 3 [33115, 65448, 65496] 
563.767 33060 2 0 1 0 1 8952 41720 82 3 [33115, 65448, 65496] 
564.767 33060 2 0 1 0 1 8952 41720 82 3 [33115, 65448, 65496] 
565.767 33060 2 0 1 0 1 8952 41720 82 3 [33115, 65448, 65496] 
566.767 33060 2 0 1 0 1 8952 41720 82 3 [33115, 65448, 65496] 
567.767 33060 2 0 1 0 1 8952 41720 82 3 [33115, 65448, 65496] 
568.767 33060 2 0 1 0 1 8952 41720 82 3 [33115, 65448, 65496] 
569.767 33060 2 0 1 0 1 8952 41720 82 3 [33115, 65448, 65496] 
570.767 33060 2 0 1 0 1 8952 41720 82 3 [33115, 65448, 65496] 
571.767 33060 2 0 1 0 1 8952 41720 82 3 [33115, 65448, 65496] 
572.767 33060 2 0 1 0 1 8952 41720 82 3 [33115, 65448, 65496] 
573.767 33060 2 0 1 0 1 8952 41720 82 3 [33115, 65448, 65496] 
574.767 33060 2 0 1 0 1 8952 41720 82 3 [33115, 65448, 65496] 
575.767 33060 2 0 1 0 1 8952 41720 82 3 [33115, 65448, 65496] 
576.767 33060 2 0 1 0 1 8952 41720 82 3 [33115, 65448, 65496] 
577.767 33060 2 0 1 0 1 8952 41720 82 3 [33115, 65448, 65496] 
578.767 33060 2 0 1 0 1 8952 41720 82 3 [33115, 65448, 65496] 
579.767 33060 2 0 1 0 1 8952 41720 82 3 [33115, 65448, 65496] 
580.767 33060 2 0 1 0 1 8952 41720 82 3 [33115, 65448, 65496] 
581.767 33060 2 0 1 0 1 8952 41720 82 3 [33115, 65448, 65496] 
582.767 33060 2 0 1 0 1 8952 41720 82 3 [33115, 65448, 65496] 
583.767 33060 2 0 1 0 1 8952 41720 82 3 [33115, 65448, 65496] 
584.767 33060 2 0 1 0 1 8952 41720 82 3 [33115, 65448, 65496] 
585.767 33060 2 0 1 0 1 8952 41720 82 3 [33115, 65448, 65496] 
586.767 33060 2 0 1 0 1 8952 41720 82 3 [33115, 65448, 65496] 
587.767 33060 2 0 1 0 1 8952 41720 82 3 [33115, 65448, 65496] 
588.767 33060 2 0 1 0 1 8952 41720 82 3 [33115, 65448, 65496] 
589.767 33060 2 0 1 0 1 8952 41720 82 3 [33115, 65448, 65496] 
590.767 33060 2 0 1 0 1 8952 41720 82 3 [33115, 65448, 65496] 
591.767 33060 2 0 1 0 1 8952 41720 82 3 [33115, 65448, 65496] 
592.767 33060 2 0 1 0 1 8952 41720 82 3 [33115, 65448, 65496] 
593.767 33060 2 0 1 0 1 8952 41720 82 3 [33115, 65448, 65496] 
594.767 33060 2 0 1 0 1 8952 41720 82 3 [33115, 65448, 65496] 
595.767 33060 2 0 1 0 1 8952 41720 82 3 [33115, 65448, 65496] 
596.767 33060 2 0 1 0 1 8952 41720 82 3 [33115, 65448, 65496] 
597.767 33060 2 0 1 0 1 8952 41720 82 3 [33115, 65448, 65496] 
598.767 33060 2 0 1 0 1 8952 41720 82 3 [33115, 65448, 65496] 
599.767 33060 2 0 1 0 1 8952 41720 82 3 [33115, 65448, 65496] 
600.767 33060 2 0 1 0 1 8952 41720 82 3 [33115, 65448, 65496] 
601.767 33060 2 0 1 0 1 8952 41720 82 3 [33115, 65448, 65496] 
602.767 33060 2 0 1 0 1 8952 41720 82 3 [33115, 65448, 65496] 
603.767 33060 2 0 1 0 1 8952 41720 82 3 [33115, 65448, 65496] 
604.767 33060 2 0 1 0 1 8952 41720 82 3 [33115, 65448, 65496] 
605.767 33060 2 0 1 0 1 8952 41720 82 3 [33115, 65448, 65496] 
606.767 33060 2 0 1 0 1 8952 41720 82 3 [33115, 65448, 65496] 
607.767 33060 2 0 1 0 1 8952 41720 82 3 [33115, 65448, 65496] 
608.776 33060 2 0 1 0 1 8952 41720 82 3 [33115, 65448, 65496] 
609.776 33060 2 0 1 0 1 8952 41720 82 3 [33115, 65448, 65496] 
610.776 33060 2 0 1 0 1 8952 41720 82 3 [33115, 65448, 65496] 
611.776 33060 2 0 1 0 1 8952 41720 82 3 [33115, 65448, 65496] 
612.776 33060 2 0 1 0 1 8952 41720 82 3 [33115, 65448, 65496] 
613.776 33060 2 0 1 0 1 8952 41720 82 3 [33115, 65448, 65496] 
614.777 33060 2 0 1 0 1 8952 41720 82 3 [33115, 65448, 65496] 
615.777 33060 2 0 1 0 1 8952 41720 82 3 [33115, 65448, 65496] 
616.777 33060 2 0 1 0 1 8952 41720 82 3 [33115, 65448, 65496] 
617.777 33060 2 0 1 0 1 8952 41720 82 3 [33115, 65448, 65496] 
618.777 33060 2 0 1 0 1 8952 41720 82 3 [33115, 65448, 65496] 
619.777 33060 2 0 1 0 1 8952 41720 82 3 [33115, 65448, 65496] 
620.778 33060 2 0 1 0 1 8952 41720 82 3 [33115, 65448, 65496] 
621.778 33060 2 0 1 0 1 8952 41720 82 3 [33115, 65448, 65496] 
622.778 33060 2 0 1 0 1 8952 41720 82 3 [33115, 65448, 65496] 
623.778 33060 2 0 1 0 1 8952 41720 82 3 [33115, 65448, 65496] 
624.778 33060 2 0 1 0 1 8952 41720 82 3 [33115, 65448, 65496] 
625.778 33060 2 0 1 0 1 8952 41720 82 3 [33115, 65448, 65496] 
626.778 33060 2 0 1 0 1 8952 41720 82 3 [33115, 65448, 65496] 
627.778 33060 2 0 1 0 1 8952 41720 82 3 [33115, 65448, 65496] 
628.778 33060 2 0 1 0 1 8952 41720 82 3 [33115, 65448, 65496] 
629.778 33060 2 0 1 0 1 8952 41720 82 3 [33115, 65448, 65496] 
630.778 33060 2 0 1 0 1 8952 41720 82 3 [33115, 65448, 65496] 
631.778 33060 2 0 1 0 1 8952 41720 82 3 [33115, 65448, 65496] 
632.778 33060 2 0 1 0 1 8952 41720 82 3 [33115, 65448, 65496] 
633.778 33060 2 0 1 0 1 8952 41720 82 3 [33115, 65448, 65496] 
634.778 33060 2 0 1 0 1 8952 41720 82 3 [33115, 65448, 65496] 
635.778 33060 2 0 1 0 1 8952 41720 82 3 [33115, 65448, 65496] 
636.778 33060 2 0 1 0 1 8952 41720 82 3 [33115, 65448, 65496] 
637.778 33060 2 0 1 0 1 8952 41720 82 3 [33115, 65448, 65496] 
638.778 33060 2 0 1 0 1 8952 41720 82 3 [33115, 65448, 65496] 
639.778 33060 2 0 1 0 1 8952 41720 82 3 [33115, 65448, 65496] 
640.778 33060 2 0 1 0 1 8952 41720 82 3 [33115, 65448, 65496] 
641.778 33060 2 0 1 0 1 8952 41720 82 3 [33115, 65448, 65496] 
642.778 33060 2 0 1 0 1 8952 41720 82 3 [33115, 65448, 65496] 
643.778 33060 2 0 1 0 1 8952 41720 82 3 [33115, 65448, 65496] 
644.778 33060 2 0 1 0 1 8952 41720 82 3 [33115, 65448, 65496] 
645.778 33060 2 0 1 0 1 8952 41720 82 3 [33115, 65448, 65496] 
646.781 33060 2 0 1 0 1 8952 41720 82 3 [33115, 65448, 65496] 
647.781 33060 2 0 1 0 1 8952 41720 82 3 [33115, 65448, 65496] 
648.781 33060 2 0 1 0 1 8952 41720 82 3 [33115, 65448, 65496] 
649.781 33060 2 0 1 0 1 8952 41720 82 3 [33115, 65448, 65496] 
650.781 33060 2 0 1 0 1 8952 41720 82 3 [33115, 65448, 65496] 
651.781 33060 2 0 1 0 1 8952 41720 82 3 [33115, 65448, 65496] 
652.781 33060 2 0 1 0 1 8952 41720 82 3 [33115, 65448, 65496] 
653.781 33060 2 0 1 0 1 8952 41720 82 3 [33115, 65448, 65496] 
654.781 33060 2 0 1 0 1 8952 41720 82 3 [33115, 65448, 65496] 
655.781 33060 2 0 1 0 1 8952 41720 82 3 [33115, 65448, 65496] 
656.781 33060 2 0 1 0 1 8952 41720 82 3 [33115, 65448, 65496] 
657.781 33060 2 0 1 0 1 8952 41720 82 3 [33115, 65448, 65496] 
658.781 33060 2 0 1 0 1 8952 41720 82 3 [33115, 65448, 65496] 
659.781 33060 2 0 1 0 1 8952 41720 82 3 [33115, 65448, 65496] 
660.781 33060 2 0 1 0 1 8952 41720 82 3 [33115, 65448, 65496] 
661.781 33060 2 0 1 0 1 8952 41720 82 3 [33115, 65448, 65496] 
662.781 33060 2 0 1 0 1 8952 41720 82 3 [33115, 65448, 65496] 
663.781 33060 2 0 1 0 1 8952 41720 82 3 [33115, 65448, 65496] 
664.781 33060 2 0 1 0 1 8952 41720 82 3 [33115, 65448, 65496] 
665.781 33060 2 0 1 0 1 8952 41720 82 3 [33115, 65448, 65496] 
666.783 33060 2 0 1 0 1 8952 41720 82 3 [33115, 65448, 65496] 
667.783 33060 2 0 1 0 1 8952 41720 82 3 [33115, 65448, 65496] 
668.783 33060 2 0 1 0 1 8952 41720 82 3 [33115, 65448, 65496] 
669.783 33060 2 0 1 0 1 8952 41720 82 3 [33115, 65448, 65496] 
670.783 33060 2 0 1 0 1 8952 41720 82 3 [33115, 65448, 65496] 
671.783 33060 2 0 1 0 1 8952 41720 82 3 [33115, 65448, 65496] 
672.783 33060 2 0 1 0 1 8952 41720 82 3 [33115, 65448, 65496] 
673.783 33060 2 0 1 0 1 8952 41720 82 3 [33115, 65448, 65496] 
674.79 33060 2 0 1 0 1 8952 41720 82 3 [33115, 65448, 65496] 
675.792 33060 2 0 1 0 1 8952 41720 82 3 [33115, 65448, 65496] 
676.792 33060 2 0 1 0 1 8952 41720 82 3 [33115, 65448, 65496] 
677.792 33060 2 0 1 0 1 8952 41720 82 3 [33115, 65448, 65496] 
678.792 33060 2 0 1 0 1 8952 41720 82 3 [33115, 65448, 65496] 
679.792 33060 2 0 1 0 1 8952 41720 82 3 [33115, 65448, 65496] 
680.792 33060 2 0 1 0 1 8952 41720 82 3 [33115, 65448, 65496] 
681.796 33060 2 0 1 0 1 8952 41720 82 3 [33115, 65448, 65496] 
682.796 33060 2 0 1 0 1 8952 41720 82 3 [33115, 65448, 65496] 
683.796 33060 2 0 1 0 1 8952 41720 82 3 [33115, 65448, 65496] 
684.796 33060 2 0 1 0 1 8952 41720 82 3 [33115, 65448, 65496] 
685.796 33060 2 0 1 0 1 8952 41720 82 3 [33115, 65448, 65496] 
686.796 33060 2 0 1 0 1 8952 41720 82 3 [33115, 65448, 65496] 
687.796 33060 2 0 1 0 1 8952 41720 82 3 [33115, 65448, 65496] 
688.796 33060 2 0 1 0 1 8952 41720 82 3 [33115, 65448, 65496] 
689.796 33060 2 0 1 0 1 8952 41720 82 3 [33115, 65448, 65496] 
690.796 33060 2 0 1 0 1 8952 41720 82 3 [33115, 65448, 65496] 
691.796 33060 2 0 1 0 1 8952 41720 82 3 [33115, 65448, 65496] 
692.796 33060 2 0 1 0 1 8952 41720 82 3 [33115, 65448, 65496] 
693.796 33060 2 0 1 0 1 8952 41720 82 3 [33115, 65448, 65496] 
694.796 33060 2 0 1 0 1 8952 41720 82 3 [33115, 65448, 65496] 
695.796 33060 2 0 1 0 1 8952 41720 82 3 [33115, 65448, 65496] 
696.796 33060 2 0 1 0 1 8952 41720 82 3 [33115, 65448, 65496] 
697.796 33060 2 0 1 0 1 8952 41720 82 3 [33115, 65448, 65496] 
698.796 33060 2 0 1 0 1 8952 41720 82 3 [33115, 65448, 65496] 
699.796 33060 2 0 1 0 1 8952 41720 82 3 [33115, 65448, 65496] 
700.796 33060 2 0 1 0 1 8952 41720 82 3 [33115, 65448, 65496] 
701.796 33060 2 0 1 0 1 8952 41720 82 3 [33115, 65448, 65496] 
702.796 33060 2 0 1 0 1 8952 41720 82 3 [33115, 65448, 65496] 
703.796 33060 2 0 1 0 1 8952 41720 82 3 [33115, 65448, 65496] 
704.801 33060 2 0 1 0 1 8952 41720 82 3 [33115, 65448, 65496] 
705.801 33060 2 0 1 0 1 8952 41720 82 3 [33115, 65448, 65496] 
706.801 33060 2 0 1 0 1 8952 41720 82 3 [33115, 65448, 65496] 
707.801 33060 2 0 1 0 1 8952 41720 82 3 [33115, 65448, 65496] 
708.801 33060 2 0 1 0 1 8952 41720 82 3 [33115, 65448, 65496] 
709.801 33060 2 0 1 0 1 8952 41720 82 3 [33115, 65448, 65496] 
710.801 33060 2 0 1 0 1 8952 41720 82 3 [33115, 65448, 65496] 
711.801 33060 2 0 1 0 1 8952 41720 82 3 [33115, 65448, 65496] 
712.801 33060 2 0 1 0 1 8952 41720 82 3 [33115, 65448, 65496] 
713.801 33060 2 0 1 0 1 8952 41720 82 3 [33115, 65448, 65496] 
714.801 33060 2 0 1 0 1 8952 41720 82 3 [33115, 65448, 65496] 
715.801 33060 2 0 1 0 1 8952 41720 82 3 [33115, 65448, 65496] 
716.801 33060 2 0 1 0 1 8952 41720 82 3 [33115, 65448, 65496] 
717.801 33060 2 0 1 0 1 8952 41720 82 3 [33115, 65448, 65496] 
718.801 33060 2 0 1 0 1 8952 41720 82 3 [33115, 65448, 65496] 
719.802 33060 2 0 1 0 1 8952 41720 82 3 [33115, 65448, 65496] 
720.802 33060 2 0 1 0 1 8952 41720 82 3 [33115, 65448, 65496] 
721.807 33060 2 0 1 0 1 8952 41720 82 3 [33115, 65448, 65496] 
722.807 33060 2 0 1 0 1 8952 41720 82 3 [33115, 65448, 65496] 
723.807 33060 2 0 1 0 1 8952 41720 82 3 [33115, 65448, 65496] 
724.807 33060 2 0 1 0 1 8952 41720 82 3 [33115, 65448, 65496] 
725.808 33060 2 0 1 0 1 8952 41720 82 3 [33115, 65448, 65496] 
726.808 33060 2 0 1 0 1 8952 41720 82 3 [33115, 65448, 65496] 
727.808 33060 2 0 1 0 1 8952 41720 82 3 [33115, 65448, 65496] 
728.808 33060 2 0 1 0 1 8952 41720 82 3 [33115, 65448, 65496] 
729.808 33060 2 0 1 0 0 8952 41720 82 3 [33115, 65448, 65496] 
730.808 33060 2 0 1 0 0 8952 41720 82 3 [33115, 65448, 65496] 
731.808 33060 2 0 1 0 0 8952 41720 82 3 [33115, 65448, 65496] 
732.808 33060 2 0 1 0 0 8952 41720 82 3 [33115, 65448, 65496] 
733.808 33060 2 0 1 0 0 8952 41720 82 3 [33115, 65448, 65496] 
734.808 33060 2 0 1 0 0 8952 41720 82 3 [33115, 65448, 65496] 
735.808 33060 2 0 1 0 0 8952 41720 82 3 [33115, 65448, 65496] 
736.808 33060 2 0 1 0 0 8952 41720 82 3 [33115, 65448, 65496] 
737.811 33060 2 0 1 0 0 8952 41720 82 3 [33115, 65448, 65496] 
738.811 33060 2 0 1 0 0 8952 41720 82 3 [33115, 65448, 65496] 
739.812 33060 2 0 1 0 0 8952 41720 82 3 [33115, 65448, 65496] 
740.814 33060 2 0 1 0 0 8952 41720 82 3 [33115, 65448, 65496] 
741.814 33060 2 0 1 0 0 8952 41720 82 3 [33115, 65448, 65496] 
742.814 33060 2 0 1 0 0 8952 41720 82 3 [33115, 65448, 65496] 
743.814 33060 2 0 1 0 0 8952 41720 82 3 [33115, 65448, 65496] 
744.814 33060 2 0 1 0 0 8952 41720 82 3 [33115, 65448, 65496] 
745.814 33060 2 0 1 0 0 8952 41720 82 3 [33115, 65448, 65496] 
746.814 33060 2 0 1 0 0 8952 41720 82 3 [33115, 65448, 65496] 
747.814 33060 2 0 1 0 0 8952 41720 82 3 [33115, 65448, 65496] 
748.815 33060 2 0 1 0 0 8952 41720 82 3 [33115, 65448, 65496] 
749.815 33060 2 0 1 0 0 8952 41720 82 3 [33115, 65448, 65496] 
750.815 33060 2 0 1 0 0 8952 41720 82 3 [33115, 65448, 65496] 
751.815 33060 2 0 1 0 0 8952 41720 82 3 [33115, 65448, 65496] 
752.815 33060 2 0 1 0 0 8952 41720 82 3 [33115, 65448, 65496] 
753.815 33060 2 0 1 0 0 8952 41720 82 3 [33115, 65448, 65496] 
754.815 33060 2 0 1 0 0 8952 41720 82 3 [33115, 65448, 65496] 
755.815 33060 2 0 1 0 0 8952 41720 82 3 [33115, 65448, 65496] 
756.815 33060 2 0 1 0 0 8952 41720 82 3 [33115, 65448, 65496] 
757.815 33060 2 0 1 0 0 8952 41720 82 3 [33115, 65448, 65496] 
758.815 33060 2 0 1 0 0 8952 41720 82 3 [33115, 65448, 65496] 
759.815 33060 2 0 1 0 0 8952 41720 82 3 [33115, 65448, 65496] 
760.815 33060 2 0 1 0 0 8952 41720 82 3 [33115, 65448, 65496] 
761.815 33060 2 0 1 0 0 8952 41720 82 3 [33115, 65448, 65496] 
762.815 33060 2 0 1 0 0 8952 41720 82 3 [33115, 65448, 65496] 
763.815 33060 2 0 1 0 0 8952 41720 82 3 [33115, 65448, 65496] 
764.817 33060 2 0 1 0 0 8952 41720 82 3 [33115, 65448, 65496] 
765.817 33060 2 0 1 0 0 8952 41720 82 3 [33115, 65448, 65496] 
766.817 33060 2 0 1 0 0 8952 41720 82 3 [33115, 65448, 65496] 
767.817 33060 2 0 1 0 0 8952 41720 82 3 [33115, 65448, 65496] 
768.817 33060 2 0 1 0 0 8952 41720 82 3 [33115, 65448, 65496] 
769.817 33060 2 0 1 0 0 8952 41720 82 3 [33115, 65448, 65496] 
770.817 33060 2 0 1 0 0 8952 41720 82 3 [33115, 65448, 65496] 
771.817 33060 2 0 1 0 0 8952 41720 82 3 [33115, 65448, 65496] 
772.817 33060 2 0 1 0 0 8952 41720 82 3 [33115, 65448, 65496] 
773.818 33060 2 0 1 0 0 8952 41720 82 3 [33115, 65448, 65496] 
774.818 33060 2 0 1 0 0 8952 41720 82 3 [33115, 65448, 65496] 
775.818 33060 2 0 0 0 0 8952 41720 82 3 [33115, 65448, 65496] 
776.818 33060 2 0 0 0 0 8952 41720 82 3 [33115, 65448, 65496] 
777.818 33060 2 0 0 0 0 8952 41720 82 3 [33115, 65448, 65496] 
778.818 33060 2 0 0 0 0 8952 41720 82 3 [33115, 65448, 65496] 
779.818 33060 2 0 0 0 0 8952 41720 82 3 [33115, 65448, 65496] 
780.818 33060 2 0 0 0 0 8952 41720 82 3 [33115, 65448, 65496] 
781.818 33060 2 0 0 0 0 8952 41720 82 3 [33115, 65448, 65496] 
782.819 33060 2 0 1 0 0 8952 41720 82 3 [33115, 65448, 65496] 
783.819 33060 2 0 1 0 0 8952 41720 82 3 [33115, 65448, 65496] 
784.819 33060 2 0 1 0 0 8952 41720 82 3 [33115, 65448, 65496] 
785.819 33060 2 0 1 0 0 8952 41720 82 3 [33115, 65448, 65496] 
786.819 33060 2 0 1 0 0 8952 41720 82 3 [33115, 65448, 65496] 
787.819 33060 2 0 1 0 0 8952 41720 82 3 [33115, 65448, 65496] 
788.819 33060 2 0 1 0 0 8952 41720 82 3 [33115, 65448, 65496] 
789.819 33060 2 0 1 0 0 8952 41720 82 3 [33115, 65448, 65496] 
790.819 33060 2 0 1 0 0 8952 41720 82 3 [33115, 65448, 65496] 
791.819 33060 2 0 1 0 0 8952 41720 82 3 [33115, 65448, 65496] 
792.819 33060 2 0 1 0 0 8952 41720 82 3 [33115, 65448, 65496] 
793.819 33060 2 0 1 0 0 8952 41720 82 3 [33115, 65448, 65496] 
794.819 33060 2 0 1 0 0 8952 41720 82 3 [33115, 65448, 65496] 
795.819 33060 1 0 1 0 0 8952 41720 82 4 [33060, 33115, 65448, 65496] 
796.819 33060 1 0 1 0 0 8952 41720 82 4 [33060, 33115, 65448, 65496] 
797.819 33060 1 0 0 0 0 8952 41720 82 4 [33060, 33115, 65448, 65496] 
798.82 33060 1 0 0 0 0 8952 41720 82 4 [33060, 33115, 65448, 65496] 
799.82 33060 1 0 0 0 0 8952 41720 82 4 [33060, 33115, 65448, 65496] 
800.82 33060 1 0 0 0 0 8952 41720 82 4 [33060, 33115, 65448, 65496] 
801.82 33060 2 0 1 0 0 8952 41720 82 3 [33115, 65448, 65496] 
802.82 33060 1 0 1 0 0 8952 41720 82 4 [33060, 33115, 65448, 65496] 
803.82 33060 1 0 1 0 0 8952 41720 82 4 [33060, 33115, 65448, 65496] 
804.82 33060 1 0 1 0 0 8952 41720 82 4 [33060, 33115, 65448, 65496] 
805.82 33060 1 0 1 0 0 8952 41720 82 4 [33060, 33115, 65448, 65496] 
806.82 33060 2 0 1 0 0 8952 41720 82 3 [33115, 65448, 65496] 
807.82 33060 2 0 1 0 0 8952 41720 82 3 [33115, 65448, 65496] 
808.82 33060 2 0 1 0 0 8952 41720 82 3 [33115, 65448, 65496] 
809.82 33060 2 0 1 0 0 8952 41720 82 3 [33115, 65448, 65496] 
810.82 33060 2 0 1 0 0 8952 41720 82 3 [33115, 65448, 65496] 
811.82 33060 2 0 1 0 0 8952 41720 82 3 [33115, 65448, 65496] 
812.82 33060 2 0 1 0 0 8952 41720 82 3 [33115, 65448, 65496] 
813.82 33060 2 0 1 0 0 8952 41720 82 3 [33115, 65448, 65496] 
814.82 33060 2 0 1 0 0 8952 41720 82 3 [33115, 65448, 65496] 
815.82 33060 2 0 1 0 0 8952 41720 82 3 [33115, 65448, 65496] 
816.82 33060 2 0 1 0 0 8952 41720 82 3 [33115, 65448, 65496] 
817.82 33060 1 0 1 0 0 8952 41720 82 4 [33060, 33115, 65448, 65496] 
818.82 33060 1 0 1 0 0 8952 41720 82 4 [33060, 33115, 65448, 65496] 
819.82 33060 1 0 1 0 0 8952 41720 82 4 [33060, 33115, 65448, 65496] 
820.82 33060 1 0 1 0 0 8952 41720 82 4 [33060, 33115, 65448, 65496] 
821.82 33060 2 0 1 0 0 8952 41720 82 3 [33115, 65448, 65496] 
822.82 33060 2 0 1 0 0 8952 41720 82 3 [33115, 65448, 65496] 
823.82 33060 1 0 1 0 0 8952 41720 82 4 [33060, 33115, 65448, 65496] 
824.82 33060 1 0 1 0 0 8952 41720 82 4 [33060, 33115, 65448, 65496] 
825.82 33060 1 0 1 0 0 8952 41720 82 4 [33060, 33115, 65448, 65496] 
826.82 33060 1 0 1 0 0 8952 41720 82 4 [33060, 33115, 65448, 65496] 
827.82 33060 1 0 1 0 0 8952 41720 82 4 [33060, 33115, 65448, 65496] 
828.82 33060 1 0 1 0 0 8952 41720 82 4 [33060, 33115, 65448, 65496] 
829.82 33060 2 0 1 0 0 8952 41720 82 3 [33115, 65448, 65496] 
830.82 33060 2 0 1 0 0 8952 41720 82 3 [33115, 65448, 65496] 
831.82 33060 2 0 1 0 0 8952 41720 82 3 [33115, 65448, 65496] 
832.82 33060 2 0 1 0 0 8952 41720 82 3 [33115, 65448, 65496] 
833.82 33060 2 0 1 0 0 8952 41720 82 3 [33115, 65448, 65496] 
834.82 33060 1 0 1 0 0 8952 41720 82 4 [33060, 33115, 65448, 65496] 
835.82 33060 1 0 1 0 0 8952 41720 82 4 [33060, 33115, 65448, 65496] 
836.82 33060 1 0 1 0 0 8952 41720 82 4 [33060, 33115, 65448, 65496] 
837.82 33060 1 0 1 0 0 8952 41720 82 4 [33060, 33115, 65448, 65496] 
838.822 33060 1 0 1 0 0 8952 41720 82 4 [33060, 33115, 65448, 65496] 
839.826 33060 1 0 1 0 0 8952 41720 82 4 [33060, 33115, 65448, 65496] 
840.829 33060 1 0 1 0 0 8952 41720 82 4 [33060, 33115, 65448, 65496] 
841.829 33060 1 0 1 0 0 8952 41720 82 4 [33060, 33115, 65448, 65496] 
842.829 33060 1 0 1 0 0 8952 41720 82 4 [33060, 33115, 65448, 65496] 
843.829 33060 1 0 1 0 0 8952 41720 82 4 [33060, 33115, 65448, 65496] 
844.829 33060 1 0 1 0 0 8952 41720 82 4 [33060, 33115, 65448, 65496] 
845.829 33060 2 0 1 0 0 8952 41720 82 3 [33115, 65448, 65496] 
846.829 33060 1 0 1 0 0 8952 41720 82 4 [33060, 33115, 65448, 65496] 
847.829 33060 1 0 1 0 0 8952 41720 82 4 [33060, 33115, 65448, 65496] 
848.83 33060 1 0 1 0 0 8952 41720 82 4 [33060, 33115, 65448, 65496] 
849.83 33060 1 0 1 0 0 8952 41720 82 4 [33060, 33115, 65448, 65496] 
850.83 33060 2 0 1 0 0 8952 41720 82 3 [33115, 65448, 65496] 
851.831 33060 2 0 1 0 0 8952 41720 82 3 [33115, 65448, 65496] 
852.831 33060 2 0 1 0 0 8952 41720 82 3 [33115, 65448, 65496] 
853.831 33060 2 0 1 0 0 8952 41720 82 3 [33115, 65448, 65496] 
854.831 33060 2 0 1 0 0 8952 41720 82 3 [33115, 65448, 65496] 
855.831 33060 2 0 1 0 0 8952 41720 82 3 [33115, 65448, 65496] 
856.831 33060 2 0 1 0 0 8952 41720 82 3 [33115, 65448, 65496] 
857.831 33060 2 0 1 0 0 8952 41720 82 3 [33115, 65448, 65496] 
858.831 33060 2 0 1 0 0 8952 41720 82 3 [33115, 65448, 65496] 
859.831 33060 2 0 1 0 0 8952 41720 82 3 [33115, 65448, 65496] 
860.831 33060 2 0 1 0 0 8952 41720 82 3 [33115, 65448, 65496] 
861.831 33060 2 0 1 0 0 8952 41720 82 3 [33115, 65448, 65496] 
862.831 33060 2 0 1 0 0 8952 41720 82 3 [33115, 65448, 65496] 
863.831 33060 2 0 1 0 0 8952 41720 82 3 [33115, 65448, 65496] 
864.831 33060 1 0 1 0 0 8952 41720 82 4 [33060, 33115, 65448, 65496] 
865.831 33060 1 0 1 0 0 8952 41720 82 4 [33060, 33115, 65448, 65496] 
866.831 33060 1 0 1 0 0 8952 41720 82 4 [33060, 33115, 65448, 65496] 
867.831 33060 1 0 1 0 0 8952 41720 82 4 [33060, 33115, 65448, 65496] 
868.831 33060 2 0 1 0 0 8952 41720 82 3 [33115, 65448, 65496] 
869.831 33060 2 0 1 0 0 8952 41720 82 3 [33115, 65448, 65496] 
870.831 33060 2 0 1 0 0 8952 41720 82 3 [33115, 65448, 65496] 
871.831 33060 2 0 1 0 0 8952 41720 82 3 [33115, 65448, 65496] 
872.831 33060 2 0 1 0 0 8952 41720 82 3 [33115, 65448, 65496] 
873.831 33060 2 0 1 0 0 8952 41720 82 3 [33115, 65448, 65496] 
874.831 33060 2 0 1 0 0 8952 41720 82 3 [33115, 65448, 65496] 
875.831 33060 2 0 1 0 0 8952 41720 82 3 [33115, 65448, 65496] 
876.831 33060 2 0 1 0 0 8952 41720 82 3 [33115, 65448, 65496] 
877.831 33060 2 0 1 0 0 8952 41720 82 3 [33115, 65448, 65496] 
878.831 33060 2 0 1 0 0 8952 41720 82 3 [33115, 65448, 65496] 
879.831 33060 2 0 0 0 0 8952 41720 82 3 [33115, 65448, 65496] 
880.831 33060 2 0 0 0 0 8952 41720 82 3 [33115, 65448, 65496] 
881.831 33060 2 0 0 0 0 8952 41720 82 3 [33115, 65448, 65496] 
882.831 33060 2 0 0 0 0 8952 41720 82 3 [33115, 65448, 65496] 
883.831 33060 2 0 0 0 0 8952 41720 82 3 [33115, 65448, 65496] 
884.831 33060 2 0 1 0 0 8952 41720 82 3 [33115, 65448, 65496] 
885.831 33060 1 0 1 0 0 8952 41720 82 4 [33060, 33115, 65448, 65496] 
886.831 33060 1 0 1 0 0 8952 41720 82 4 [33060, 33115, 65448, 65496] 
887.831 33060 1 0 1 0 0 8952 41720 82 4 [33060, 33115, 65448, 65496] 
888.831 33060 1 0 1 0 0 8952 41720 82 4 [33060, 33115, 65448, 65496] 
889.831 33060 2 0 1 0 0 8952 41720 82 3 [33115, 65448, 65496] 
890.831 33060 2 0 1 0 0 8952 41720 82 3 [33115, 65448, 65496] 
891.831 33060 2 0 1 0 0 8952 41720 82 3 [33115, 65448, 65496] 
892.831 33060 2 0 1 0 0 8952 41720 82 3 [33115, 65448, 65496] 
893.831 33060 2 0 1 0 0 8952 41720 82 3 [33115, 65448, 65496] 
894.831 33060 2 0 1 0 0 8952 41720 82 3 [33115, 65448, 65496] 
895.831 33060 2 0 1 0 0 8952 41720 82 3 [33115, 65448, 65496] 
896.831 33060 2 0 1 0 0 8952 41720 82 3 [33115, 65448, 65496] 
897.831 33060 2 0 1 0 0 8952 41720 82 3 [33115, 65448, 65496] 
898.831 33060 2 0 1 0 0 8952 41720 82 3 [33115, 65448, 65496] 
899.831 33060 2 0 1 0 0 8952 41720 82 3 [33115, 65448, 65496] 
900.831 33060 2 0 1 0 0 8952 41720 82 3 [33115, 65448, 65496] 
901.831 33060 2 0 1 0 0 8952 41720 82 3 [33115, 65448, 65496] 
902.831 33060 2 0 1 0 0 8952 41720 82 3 [33115, 65448, 65496] 
903.831 33060 2 0 1 0 0 8952 41720 82 3 [33115, 65448, 65496] 
904.831 33060 2 0 1 0 0 8952 41720 82 3 [33115, 65448, 65496] 
905.831 33060 2 0 1 0 0 8952 41720 82 3 [33115, 65448, 65496] 
906.831 33060 2 0 1 0 0 8952 41720 82 3 [33115, 65448, 65496] 
907.831 33060 2 0 1 0 0 8952 41720 82 3 [33115, 65448, 65496] 
908.831 33060 2 0 1 0 0 8952 41720 82 3 [33115, 65448, 65496] 
909.831 33060 2 0 1 0 0 8952 41720 82 3 [33115, 65448, 65496] 
910.831 33060 2 0 1 0 0 8952 41720 82 3 [33115, 65448, 65496] 
911.831 33060 2 0 1 0 0 8952 41720 82 3 [33115, 65448, 65496] 
912.831 33060 2 0 1 0 0 8952 41720 82 3 [33115, 65448, 65496] 
913.831 33060 2 0 1 0 0 8952 41720 82 3 [33115, 65448, 65496] 
914.831 33060 2 0 1 0 0 8952 41720 82 3 [33115, 65448, 65496] 
915.831 33060 2 0 1 0 0 8952 41720 82 3 [33115, 65448, 65496] 
916.831 33060 2 0 1 0 0 8952 41720 82 3 [33115, 65448, 65496] 
917.831 33060 2 0 1 0 0 8952 41720 82 3 [33115, 65448, 65496] 
918.831 33060 2 0 1 0 0 8952 41720 82 3 [33115, 65448, 65496] 
919.831 33060 2 0 1 0 0 8952 41720 82 3 [33115, 65448, 65496] 
920.831 33060 2 0 1 0 0 8952 41720 82 3 [33115, 65448, 65496] 
921.831 33060 2 0 1 0 0 8952 41720 82 3 [33115, 65448, 65496] 
922.831 33060 2 0 1 0 0 8952 41720 82 3 [33115, 65448, 65496] 
923.831 33060 2 0 1 0 0 8952 41720 82 3 [33115, 65448, 65496] 
924.831 33060 2 0 1 0 0 8952 41720 82 3 [33115, 65448, 65496] 
925.831 33060 2 0 1 0 0 8952 41720 82 3 [33115, 65448, 65496] 
926.831 33060 2 0 1 0 0 8952 41720 82 3 [33115, 65448, 65496] 
927.831 33060 2 0 1 0 0 8952 41720 82 3 [33115, 65448, 65496] 
928.831 33060 2 0 1 0 0 8952 41720 82 3 [33115, 65448, 65496] 
929.831 33060 2 0 1 0 0 8952 41720 82 3 [33115, 65448, 65496] 
930.831 33060 2 0 1 0 0 8952 41720 82 3 [33115, 65448, 65496] 
931.831 33060 2 0 1 0 0 8952 41720 82 3 [33115, 65448, 65496] 
932.831 33060 2 0 1 0 0 8952 41720 82 3 [33115, 65448, 65496] 
933.831 33060 2 0 1 0 0 8952 41720 82 3 [33115, 65448, 65496] 
934.831 33060 2 0 1 0 0 8952 41720 82 3 [33115, 65448, 65496] 
935.831 33060 2 0 1 0 0 8952 41720 82 3 [33115, 65448, 65496] 
936.831 33060 2 0 1 0 0 8952 41720 82 3 [33115, 65448, 65496] 
937.831 33060 2 0 1 0 0 8952 41720 82 3 [33115, 65448, 65496] 
938.831 33060 2 0 1 0 0 8952 41720 82 3 [33115, 65448, 65496] 
939.831 33060 2 0 1 0 0 8952 41720 82 3 [33115, 65448, 65496] 
940.831 33060 2 0 1 0 0 8952 41720 82 3 [33115, 65448, 65496] 
941.831 33060 2 0 1 0 0 8952 41720 82 3 [33115, 65448, 65496] 
942.831 33060 2 0 1 0 0 8952 41720 82 3 [33115, 65448, 65496] 
943.831 33060 2 0 1 0 0 8952 41720 82 3 [33115, 65448, 65496] 
944.831 33060 2 0 1 0 0 8952 41720 82 3 [33115, 65448, 65496] 
945.831 33060 2 0 1 0 0 8952 41720 82 3 [33115, 65448, 65496] 
946.831 33060 2 0 1 0 0 8952 41720 82 3 [33115, 65448, 65496] 
947.831 33060 2 0 1 0 0 8952 41720 82 3 [33115, 65448, 65496] 
948.831 33060 2 0 1 0 0 8952 41720 82 3 [33115, 65448, 65496] 
949.831 33060 2 0 1 0 0 8952 41720 82 3 [33115, 65448, 65496] 
950.831 33060 2 0 1 0 0 8952 41720 82 3 [33115, 65448, 65496] 
951.831 33060 2 0 1 0 0 8952 41720 82 3 [33115, 65448, 65496] 
952.831 33060 2 0 1 0 0 8952 41720 82 3 [33115, 65448, 65496] 
953.831 33060 2 0 1 0 0 8952 41720 82 3 [33115, 65448, 65496] 
954.831 33060 2 0 1 0 0 8952 41720 82 3 [33115, 65448, 65496] 
955.831 33060 2 0 1 0 0 8952 41720 82 3 [33115, 65448, 65496] 
956.831 33060 2 0 1 0 0 8952 41720 82 3 [33115, 65448, 65496] 
957.831 33060 2 0 1 0 0 8952 41720 82 3 [33115, 65448, 65496] 
958.831 33060 2 0 1 0 0 8952 41720 82 3 [33115, 65448, 65496] 
959.831 33060 2 0 1 0 0 8952 41720 82 3 [33115, 65448, 65496] 
960.831 33060 2 0 1 0 0 8952 41720 82 3 [33115, 65448, 65496] 
961.831 33060 2 0 1 0 0 8952 41720 82 3 [33115, 65448, 65496] 
962.831 33060 2 0 1 0 0 8952 41720 82 3 [33115, 65448, 65496] 
963.831 33060 2 0 1 0 0 8952 41720 82 3 [33115, 65448, 65496] 
964.831 33060 2 0 1 0 0 8952 41720 82 3 [33115, 65448, 65496] 
965.831 33060 2 0 1 0 0 8952 41720 82 3 [33115, 65448, 65496] 
966.831 33060 2 0 1 0 0 8952 41720 82 3 [33115, 65448, 65496] 
967.831 33060 2 0 1 0 0 8952 41720 82 3 [33115, 65448, 65496] 
968.831 33060 2 0 1 0 0 8952 41720 82 3 [33115, 65448, 65496] 
969.831 33060 2 0 1 0 0 8952 41720 82 3 [33115, 65448, 65496] 
970.831 33060 2 0 1 0 0 8952 41720 82 3 [33115, 65448, 65496] 
971.831 33060 2 0 1 0 0 8952 41720 82 3 [33115, 65448, 65496] 
972.831 33060 2 0 1 0 0 8952 41720 82 3 [33115, 65448, 65496] 
973.831 33060 2 0 1 0 0 8952 41720 82 3 [33115, 65448, 65496] 
974.831 33060 2 0 1 0 0 8952 41720 82 3 [33115, 65448, 65496] 
975.831 33060 2 0 1 0 0 8952 41720 82 3 [33115, 65448, 65496] 
976.831 33060 1 0 1 0 0 8952 41720 82 4 [33060, 33115, 65448, 65496] 
977.831 33060 1 0 1 0 0 8952 41720 82 4 [33060, 33115, 65448, 65496] 
978.831 33060 1 0 1 0 0 8952 41720 82 4 [33060, 33115, 65448, 65496] 
979.831 33060 1 0 1 0 0 8952 41720 82 4 [33060, 33115, 65448, 65496] 
980.831 33060 2 0 1 0 0 8952 41720 82 3 [33115, 65448, 65496] 
981.831 33060 2 0 1 0 0 8952 41720 82 3 [33115, 65448, 65496] 
982.831 33060 1 0 1 0 0 8952 41720 82 4 [33060, 33115, 65448, 65496] 
983.831 33060 1 0 1 0 0 8952 41720 82 4 [33060, 33115, 65448, 65496] 
984.831 33060 1 0 1 0 0 8952 41720 82 4 [33060, 33115, 65448, 65496] 
985.831 33060 1 0 1 0 0 8952 41720 82 4 [33060, 33115, 65448, 65496] 
986.831 33060 2 0 1 0 0 8952 41720 82 3 [33115, 65448, 65496] 
987.831 33060 2 0 1 0 0 8952 41720 82 3 [33115, 65448, 65496] 
988.831 33060 2 0 1 0 0 8952 41720 82 3 [33115, 65448, 65496] 
989.831 33060 2 0 1 0 0 8952 41720 82 3 [33115, 65448, 65496] 
990.831 33060 2 0 1 0 0 8952 41720 82 3 [33115, 65448, 65496] 
991.831 33060 2 0 1 0 0 8952 41720 82 3 [33115, 65448, 65496] 
992.831 33060 2 0 1 0 0 8952 41720 82 3 [33115, 65448, 65496] 
993.831 33060 2 0 1 0 0 8952 41720 82 3 [33115, 65448, 65496] 
994.831 33060 2 0 1 0 0 8952 41720 82 3 [33115, 65448, 65496] 
995.831 33060 2 0 1 0 0 8952 41720 82 3 [33115, 65448, 65496] 
996.831 33060 2 0 1 0 0 8952 41720 82 3 [33115, 65448, 65496] 
997.831 33060 2 0 1 0 0 8952 41720 82 3 [33115, 65448, 65496] 
998.831 33060 2 0 1 0 0 8952 41720 82 3 [33115, 65448, 65496] 
999.831 33060 2 0 1 0 0 8952 41720 82 3 [33115, 65448, 65496] 
1000.83 33060 2 0 1 0 0 8952 41720 82 3 [33115, 65448, 65496] 
1001.83 33060 2 0 1 0 0 8952 41720 82 3 [33115, 65448, 65496] 
1002.83 33060 2 0 1 0 0 8952 41720 82 3 [33115, 65448, 65496] 
1003.83 33060 2 0 1 0 0 8952 41720 82 3 [33115, 65448, 65496] 
1004.83 33060 2 0 1 0 0 8952 41720 82 3 [33115, 65448, 65496] 
1005.83 33060 2 0 1 0 1 8952 41720 82 3 [33115, 65448, 65496] 
1006.83 33060 2 0 1 0 1 8952 41720 82 3 [33115, 65448, 65496] 
1007.83 33060 2 0 1 0 1 8952 41720 82 3 [33115, 65448, 65496] 
1008.83 33060 2 0 1 0 1 8952 41720 82 3 [33115, 65448, 65496] 
1009.83 33060 2 0 1 0 1 8952 41720 82 3 [33115, 65448, 65496] 
1010.83 33060 1 0 1 0 1 8952 41720 82 4 [33060, 33115, 65448, 65496] 
1011.83 33060 1 0 1 0 1 8952 41720 82 4 [33060, 33115, 65448, 65496] 
1012.83 33060 1 0 1 0 1 8952 41720 82 4 [33060, 33115, 65448, 65496] 
1013.83 33060 1 0 1 0 1 8952 41720 82 4 [33060, 33115, 65448, 65496] 
1014.83 33060 2 0 1 0 1 8952 41720 82 3 [33115, 65448, 65496] 
1015.83 33060 2 0 1 0 1 8952 41720 82 3 [33115, 65448, 65496] 
1016.83 33060 2 0 1 0 1 8952 41720 82 3 [33115, 65448, 65496] 
1017.83 33060 2 0 1 0 1 8952 41720 82 3 [33115, 65448, 65496] 
1018.83 33060 2 0 1 0 1 8952 41720 82 3 [33115, 65448, 65496] 
1019.83 33060 1 0 1 0 1 8952 41720 82 4 [33060, 33115, 65448, 65496] 
1020.83 33060 1 0 1 0 1 8952 41720 82 4 [33060, 33115, 65448, 65496] 
1021.83 33060 1 0 1 0 1 8952 41720 82 4 [33060, 33115, 65448, 65496] 
1022.83 33060 1 0 1 0 1 8952 41720 82 4 [33060, 33115, 65448, 65496] 
1023.84 33060 2 0 1 0 1 8952 41720 82 3 [33115, 65448, 65496] 
1024.84 33060 1 0 1 0 1 8952 41720 82 4 [33060, 33115, 65448, 65496] 
1025.84 33060 1 0 1 0 1 8952 41720 82 4 [33060, 33115, 65448, 65496] 
1026.84 33060 1 0 1 0 1 8952 41720 82 4 [33060, 33115, 65448, 65496] 
1027.84 33060 1 0 1 0 1 8952 41720 82 4 [33060, 33115, 65448, 65496] 
1028.84 33060 1 0 1 0 1 8952 41720 82 4 [33060, 33115, 65448, 65496] 
1029.84 33060 1 0 1 0 1 8952 41720 82 4 [33060, 33115, 65448, 65496] 
1030.84 33060 1 0 1 0 1 8952 41720 82 4 [33060, 33115, 65448, 65496] 
1031.84 33060 1 0 1 0 1 8952 41720 82 4 [33060, 33115, 65448, 65496] 
1032.84 33060 1 0 0 0 1 8952 41720 82 4 [33060, 33115, 65448, 65496] 
1033.84 33060 1 0 0 0 1 8952 41720 82 4 [33060, 33115, 65448, 65496] 
1034.84 33060 1 0 0 0 1 8952 41720 82 4 [33060, 33115, 65448, 65496] 
1035.84 33060 1 0 0 0 1 8952 41720 82 4 [33060, 33115, 65448, 65496] 
1036.84 33060 1 0 0 0 1 8952 41720 82 4 [33060, 33115, 65448, 65496] 
1037.84 33060 2 0 0 0 1 8952 41720 82 3 [33115, 65448, 65496] 
1038.84 33060 1 0 0 0 1 8952 41720 82 4 [33060, 33115, 65448, 65496] 
1039.84 33060 1 0 0 0 1 8952 41720 82 5 [33060, 33115, 65448, 65496, 65497] 
1040.84 33060 1 0 0 0 1 8952 41720 82 5 [33060, 33115, 65448, 65496, 65497] 
1041.84 33060 1 0 0 0 1 8952 41720 82 5 [33060, 33115, 65448, 65496, 65497] 
1042.84 33060 1 0 0 0 1 8952 41720 82 5 [33060, 33115, 65448, 65496, 65497] 
1043.84 33060 1 0 0 0 1 8952 41720 82 5 [33060, 33115, 65448, 65496, 65497] 
1044.84 33060 1 0 0 0 1 8952 41720 82 5 [33060, 33115, 65448, 65496, 65497] 
1045.84 33060 1 0 0 0 1 8952 41720 82 5 [33060, 33115, 65448, 65496, 65497] 
1046.84 33060 1 0 0 0 1 8952 41720 82 5 [33060, 33115, 65448, 65496, 65497] 
1047.84 33060 1 0 0 0 1 8952 41720 82 5 [33060, 33115, 65448, 65496, 65497] 
1048.84 33060 2 0 0 0 1 8952 41720 82 4 [33115, 65448, 65496, 65497] 
1049.85 33060 1 0 0 0 1 8952 41720 82 5 [33060, 33115, 65448, 65496, 65497] 
1050.85 33060 1 0 0 0 1 8952 41720 82 5 [33060, 33115, 65448, 65496, 65497] 
1051.85 33060 1 0 0 0 1 8952 41720 82 6 [33060, 33115, 65448, 65496, 65497, 65498] 
1052.85 33060 1 0 0 0 1 8952 41720 82 6 [33060, 33115, 65448, 65496, 65497, 65498] 
1053.85 33060 2 0 0 0 1 8952 41720 82 5 [33115, 65448, 65496, 65497, 65498] 
1054.85 33060 2 0 1 0 1 8952 41720 82 4 [33115, 65448, 65496, 65498] 
1055.85 33060 2 0 0 0 1 8952 41720 82 5 [33115, 65448, 65496, 65497, 65498] 
1056.85 33060 2 0 0 0 1 8952 41720 82 5 [33115, 65448, 65496, 65497, 65498] 
1057.85 33060 1 0 0 0 1 8952 41720 82 6 [33060, 33115, 65448, 65496, 65497, 65498] 
1058.85 33060 1 0 0 0 1 8952 41720 82 6 [33060, 33115, 65448, 65496, 65497, 65498] 
1059.86 33060 1 0 0 0 1 8952 41720 82 6 [33060, 33115, 65448, 65496, 65497, 65498] 
1060.86 33060 1 0 0 0 1 8952 41720 82 6 [33060, 33115, 65448, 65496, 65497, 65498] 
1061.87 33060 1 0 0 0 1 8952 41720 82 6 [33060, 33115, 65448, 65496, 65497, 65498] 
1062.87 33060 1 0 0 0 1 8952 41720 82 6 [33060, 33115, 65448, 65496, 65497, 65498] 
1063.87 33060 1 0 0 0 1 8952 41720 82 6 [33060, 33115, 65448, 65496, 65497, 65498] 
1064.87 33060 1 0 0 0 1 8952 41720 82 6 [33060, 33115, 65448, 65496, 65497, 65498] 
1065.87 33060 1 0 0 0 1 8952 41720 82 6 [33060, 33115, 65448, 65496, 65497, 65498] 
1066.87 33060 1 0 0 0 1 8952 41720 82 6 [33060, 33115, 65448, 65496, 65497, 65498] 
1067.87 33060 2 0 0 0 1 8952 41720 82 5 [33115, 65448, 65496, 65497, 65498] 
1068.87 33060 2 0 0 0 1 8952 41720 82 5 [33115, 65448, 65496, 65497, 65498] 
1069.87 33060 2 0 0 0 1 8952 41720 82 5 [33115, 65448, 65496, 65497, 65498] 
1070.87 33060 2 0 0 0 1 8952 41720 82 5 [33115, 65448, 65496, 65497, 65498] 
1071.87 33060 2 0 0 0 1 8952 41720 82 5 [33115, 65448, 65496, 65497, 65498] 
1072.87 33060 2 0 0 0 1 8952 41720 82 5 [33115, 65448, 65496, 65497, 65498] 
1073.88 33060 2 0 0 0 1 8952 41720 82 5 [33115, 65448, 65496, 65497, 65498] 
1074.88 33060 2 0 0 0 1 8952 41720 82 5 [33115, 65448, 65496, 65497, 65498] 
1075.88 33060 2 0 0 0 1 8952 41720 82 5 [33115, 65448, 65496, 65497, 65498] 
1076.88 33060 1 0 1 0 1 8952 41720 82 6 [33060, 33115, 65448, 65496, 65497, 65498] 
1077.88 33060 1 0 1 0 1 8952 41720 82 6 [33060, 33115, 65448, 65496, 65497, 65498] 
1078.89 33060 1 0 1 0 1 8952 41720 82 6 [33060, 33115, 65448, 65496, 65497, 65498] 
1079.89 33060 1 0 1 0 1 8952 41720 82 6 [33060, 33115, 65448, 65496, 65497, 65498] 
1080.89 33060 1 0 1 0 1 8952 41720 82 6 [33060, 33115, 65448, 65496, 65497, 65498] 
1081.89 33060 1 0 1 0 1 8952 41720 82 6 [33060, 33115, 65448, 65496, 65497, 65498] 
1082.89 33060 1 0 1 0 1 8952 41720 82 6 [33060, 33115, 65448, 65496, 65497, 65498] 
1083.89 33060 1 0 1 0 1 8952 41720 82 6 [33060, 33115, 65448, 65496, 65497, 65498] 
1084.89 33060 2 0 1 0 1 8952 41720 82 5 [33115, 65448, 65496, 65497, 65498] 
1085.89 33060 2 0 1 0 1 8952 41720 82 5 [33115, 65448, 65496, 65497, 65498] 
1086.89 33060 2 0 1 0 1 8952 41720 82 5 [33115, 65448, 65496, 65497, 65498] 
1087.89 33060 2 0 1 0 1 8952 41720 82 5 [33115, 65448, 65496, 65497, 65498] 
1088.89 33060 2 0 1 0 1 8952 41720 82 5 [33115, 65448, 65496, 65497, 65498] 
1089.92 33060 2 0 1 0 1 8952 41720 82 5 [33115, 65448, 65496, 65497, 65498] 
1090.92 33060 2 0 1 0 1 8952 41720 82 5 [33115, 65448, 65496, 65497, 65498] 
1091.92 33060 2 0 1 0 1 8952 41720 82 5 [33115, 65448, 65496, 65497, 65498] 
1092.92 33060 1 0 0 0 1 8952 41720 82 6 [33060, 33115, 65448, 65496, 65497, 65498] 
1093.92 33060 1 0 0 0 1 8952 41720 82 6 [33060, 33115, 65448, 65496, 65497, 65498] 
1094.93 33060 1 0 0 0 1 8952 41720 82 6 [33060, 33115, 65448, 65496, 65497, 65498] 
1095.93 33060 1 0 0 0 1 8952 41720 82 6 [33060, 33115, 65448, 65496, 65497, 65498] 
1096.94 33060 2 0 1 0 1 8952 41720 82 5 [33115, 65448, 65496, 65497, 65498] 
1097.94 33060 2 0 1 0 1 8952 41720 82 5 [33115, 65448, 65496, 65497, 65498] 
1098.96 33060 2 0 1 0 1 8952 41720 82 5 [33115, 65448, 65496, 65497, 65498] 
1099.96 33060 2 0 1 0 1 8952 41720 82 5 [33115, 65448, 65496, 65497, 65498] 
1100.96 33060 2 0 1 0 1 8952 41720 82 5 [33115, 65448, 65496, 65497, 65498] 
1101.96 33060 2 0 1 0 1 8952 41720 82 5 [33115, 65448, 65496, 65497, 65498] 
1102.96 33060 2 0 1 0 1 8952 41720 82 5 [33115, 65448, 65496, 65497, 65498] 
1103.96 33060 2 0 1 0 1 8952 41720 82 5 [33115, 65448, 65496, 65497, 65498] 
1104.97 33060 2 0 1 0 1 8952 41720 82 5 [33115, 65448, 65496, 65497, 65498] 
1105.97 33060 2 0 1 0 1 8952 41720 82 5 [33115, 65448, 65496, 65497, 65498] 
1106.97 33060 2 0 1 0 1 8952 41720 82 5 [33115, 65448, 65496, 65497, 65498] 
1107.98 33060 2 0 1 0 1 8952 41720 82 5 [33115, 65448, 65496, 65497, 65498] 
1108.98 33060 2 0 1 0 1 8952 41720 82 5 [33115, 65448, 65496, 65497, 65498] 
1109.98 33060 2 0 1 0 1 8952 41720 82 5 [33115, 65448, 65496, 65497, 65498] 
1110.98 33060 2 0 1 0 1 8952 41720 82 5 [33115, 65448, 65496, 65497, 65498] 
1111.98 33060 2 0 1 0 1 8952 41720 82 5 [33115, 65448, 65496, 65497, 65498] 
1113.01 33060 2 0 1 0 1 8952 41720 82 5 [33115, 65448, 65496, 65497, 65498] 
1114.01 33060 2 0 1 0 1 8952 41720 82 5 [33115, 65448, 65496, 65497, 65498] 
1115.01 33060 2 0 1 0 1 8952 41720 82 5 [33115, 65448, 65496, 65497, 65498] 
1116.01 33060 2 0 1 0 1 8952 41720 82 5 [33115, 65448, 65496, 65497, 65498] 
1117.01 33060 2 0 1 0 1 8952 41720 82 5 [33115, 65448, 65496, 65497, 65498] 
1118.01 33060 2 0 1 0 1 8952 41720 82 5 [33115, 65448, 65496, 65497, 65498] 
1119.02 33060 2 0 1 0 1 8952 41720 82 5 [33115, 65448, 65496, 65497, 65498] 
1120.02 33060 2 0 1 0 1 8952 41720 82 5 [33115, 65448, 65496, 65497, 65498] 
1121.02 33060 2 0 1 0 1 8952 41720 82 5 [33115, 65448, 65496, 65497, 65498] 
1122.02 33060 2 0 1 0 1 8952 41720 82 5 [33115, 65448, 65496, 65497, 65498] 
1123.03 33060 2 0 1 0 1 8952 41720 82 5 [33115, 65448, 65496, 65497, 65498] 
1124.03 33060 2 0 1 0 1 8952 41720 82 5 [33115, 65448, 65496, 65497, 65498] 
1125.04 33060 2 0 1 0 1 8952 41720 82 5 [33115, 65448, 65496, 65497, 65498] 
1126.04 33060 2 0 1 0 1 8952 41720 82 5 [33115, 65448, 65496, 65497, 65498] 
1127.04 33060 2 0 1 0 1 8952 41720 82 5 [33115, 65448, 65496, 65497, 65498] 
1128.04 33060 1 0 1 0 1 8952 41720 82 6 [33060, 33115, 65448, 65496, 65497, 65498] 
1129.04 33060 1 0 1 0 1 8952 41720 82 6 [33060, 33115, 65448, 65496, 65497, 65498] 
1130.04 33060 1 0 1 0 1 8952 41720 82 6 [33060, 33115, 65448, 65496, 65497, 65498] 
1131.04 33060 1 0 1 0 1 8952 41720 82 6 [33060, 33115, 65448, 65496, 65497, 65498] 
1132.04 33060 1 0 0 0 1 8952 41720 82 6 [33060, 33115, 65448, 65496, 65497, 65498] 
1133.04 33060 1 0 0 0 1 8952 41720 82 6 [33060, 33115, 65448, 65496, 65497, 65498] 
1134.05 33060 1 0 0 0 1 8952 41720 82 6 [33060, 33115, 65448, 65496, 65497, 65498] 
1135.06 33060 1 0 0 0 1 8952 41720 82 6 [33060, 33115, 65448, 65496, 65497, 65498] 
1136.07 33060 2 0 0 0 1 8952 41720 82 5 [33115, 65448, 65496, 65497, 65498] 
1137.07 33060 2 0 1 0 1 8952 41720 82 5 [33115, 65448, 65496, 65497, 65498] 
1138.07 33060 2 0 1 0 1 8952 41720 82 5 [33115, 65448, 65496, 65497, 65498] 
1139.07 33060 2 0 1 0 1 8952 41720 82 5 [33115, 65448, 65496, 65497, 65498] 
1140.07 33060 2 0 1 0 1 8952 41720 82 5 [33115, 65448, 65496, 65497, 65498] 
1141.08 33060 2 0 1 0 1 8952 41720 82 5 [33115, 65448, 65496, 65497, 65498] 
1142.08 33060 2 0 1 0 1 8952 41720 82 5 [33115, 65448, 65496, 65497, 65498] 
1143.08 33060 1 0 1 0 1 8952 41720 82 6 [33060, 33115, 65448, 65496, 65497, 65498] 
1144.08 33060 1 0 1 0 1 8952 41720 82 6 [33060, 33115, 65448, 65496, 65497, 65498] 
1145.08 33060 1 0 1 0 1 8952 41720 82 6 [33060, 33115, 65448, 65496, 65497, 65498] 
1146.08 33060 1 0 1 0 1 8952 41720 82 6 [33060, 33115, 65448, 65496, 65497, 65498] 
1147.08 33060 2 0 1 0 1 8952 41720 82 5 [33115, 65448, 65496, 65497, 65498] 
1148.08 33060 2 0 1 0 1 8952 41720 82 5 [33115, 65448, 65496, 65497, 65498] 
1149.1 33060 2 0 1 0 1 8952 41720 82 5 [33115, 65448, 65496, 65497, 65498] 
1150.1 33060 2 0 1 0 1 8952 41720 82 5 [33115, 65448, 65496, 65497, 65498] 
1151.1 33060 2 0 1 0 1 8952 41720 82 5 [33115, 65448, 65496, 65497, 65498] 
1152.1 33060 2 0 1 0 1 8952 41720 82 5 [33115, 65448, 65496, 65497, 65498] 
1153.11 33060 2 0 1 0 1 8952 41720 82 5 [33115, 65448, 65496, 65497, 65498] 
1154.11 33060 2 0 1 0 1 8952 41720 82 5 [33115, 65448, 65496, 65497, 65498] 
1155.13 33060 2 0 1 0 1 8952 41720 82 5 [33115, 65448, 65496, 65497, 65498] 
1156.13 33060 1 0 1 0 1 8952 41720 82 7 [33060, 33115, 65448, 65449, 65496, 65497, 65498] 
1157.13 33060 1 0 1 0 1 8952 41720 82 7 [33060, 33115, 65448, 65449, 65496, 65497, 65498] 
1158.14 33060 1 0 1 0 1 8952 41720 82 7 [33060, 33115, 65448, 65449, 65496, 65497, 65498] 
1159.17 33060 1 0 1 0 1 8952 41720 82 7 [33060, 33115, 65448, 65449, 65496, 65497, 65498] 
1160.17 33060 2 0 1 0 1 8952 41720 82 6 [33115, 65448, 65449, 65496, 65497, 65498] 
1161.17 33060 2 0 1 0 1 8952 41720 82 6 [33115, 65448, 65449, 65496, 65497, 65498] 
1162.17 33060 2 0 1 0 1 8952 41720 82 6 [33115, 65448, 65449, 65496, 65497, 65498] 
1163.17 33060 2 0 1 0 1 8952 41720 82 6 [33115, 65448, 65449, 65496, 65497, 65498] 
1164.17 33060 2 0 1 0 1 8952 41720 82 6 [33115, 65448, 65449, 65496, 65497, 65498] 
1165.17 33060 2 0 1 0 1 8952 41720 82 6 [33115, 65448, 65449, 65496, 65497, 65498] 
1166.17 33060 2 0 1 0 1 8952 41720 82 6 [33115, 65448, 65449, 65496, 65497, 65498] 
1167.17 33060 2 0 1 0 1 8952 41720 82 6 [33115, 65448, 65449, 65496, 65497, 65498] 
1168.18 33060 2 0 1 0 1 8952 41720 82 6 [33115, 65448, 65449, 65496, 65497, 65498] 
1169.18 33060 1 0 0 0 1 8952 41720 82 7 [33060, 33115, 65448, 65449, 65496, 65497, 65498] 
1170.2 33060 1 0 0 0 1 8952 41720 82 7 [33060, 33115, 65448, 65449, 65496, 65497, 65498] 
1171.21 33060 1 0 0 0 1 8952 41720 82 7 [33060, 33115, 65448, 65449, 65496, 65497, 65498] 
1172.21 33060 1 0 0 0 1 8952 41720 82 7 [33060, 33115, 65448, 65449, 65496, 65497, 65498] 
1173.21 33060 1 0 0 0 1 8952 41720 82 7 [33060, 33115, 65448, 65449, 65496, 65497, 65498] 
1174.21 33060 1 0 0 0 1 8952 41720 82 7 [33060, 33115, 65448, 65449, 65496, 65497, 65498] 
1175.23 33060 1 0 0 0 1 8952 41720 82 7 [33060, 33115, 65448, 65449, 65496, 65497, 65498] 
1176.23 33060 1 0 0 0 1 8952 41720 82 7 [33060, 33115, 65448, 65449, 65496, 65497, 65498] 
1177.26 33060 1 0 0 0 1 8952 41720 82 7 [33060, 33115, 65448, 65449, 65496, 65497, 65498] 
1178.27 33060 1 0 0 0 1 8952 41720 82 7 [33060, 33115, 65448, 65449, 65496, 65497, 65498] 
1179.28 33060 1 0 0 0 1 8952 41720 82 7 [33060, 33115, 65448, 65449, 65496, 65497, 65498] 
1180.28 33060 1 0 0 0 1 8952 41720 82 7 [33060, 33115, 65448, 65449, 65496, 65497, 65498] 
1181.29 33060 1 0 0 0 1 8952 41720 82 7 [33060, 33115, 65448, 65449, 65496, 65497, 65498] 
1182.32 33060 1 0 0 0 1 8952 41720 82 7 [33060, 33115, 65448, 65449, 65496, 65497, 65498] 
1183.32 33060 1 0 0 0 1 8952 41720 82 7 [33060, 33115, 65448, 65449, 65496, 65497, 65498] 
1184.33 33060 1 0 0 0 1 8952 41720 82 7 [33060, 33115, 65448, 65449, 65496, 65497, 65498] 
1185.33 33060 1 0 0 0 1 8952 41720 82 7 [33060, 33115, 65448, 65449, 65496, 65497, 65498] 
1186.37 33060 1 0 0 0 1 8952 41720 82 7 [33060, 33115, 65448, 65449, 65496, 65497, 65498] 
1187.37 33060 1 0 0 0 1 8952 41720 82 7 [33060, 33115, 65448, 65449, 65496, 65497, 65498] 
1188.37 33060 1 0 0 0 1 8952 41720 82 7 [33060, 33115, 65448, 65449, 65496, 65497, 65498] 
1189.38 33060 1 0 0 0 1 8952 41720 82 7 [33060, 33115, 65448, 65449, 65496, 65497, 65498] 
1190.38 33060 1 0 0 0 1 8952 41720 82 7 [33060, 33115, 65448, 65449, 65496, 65497, 65498] 
1191.42 33060 1 0 0 0 1 8952 41720 82 7 [33060, 33115, 65448, 65449, 65496, 65497, 65498] 
1192.42 33060 1 0 0 0 1 8952 41720 82 7 [33060, 33115, 65448, 65449, 65496, 65497, 65498] 
1193.42 33060 1 0 0 0 1 8952 41720 82 7 [33060, 33115, 65448, 65449, 65496, 65497, 65498] 
1194.45 33060 1 0 0 0 1 8952 41720 82 7 [33060, 33115, 65448, 65449, 65496, 65497, 65498] 
1195.46 33060 1 0 0 0 1 8952 41720 82 7 [33060, 33115, 65448, 65449, 65496, 65497, 65498] 
1196.46 33060 1 0 0 0 1 8952 41720 82 7 [33060, 33115, 65448, 65449, 65496, 65497, 65498] 
1197.49 33060 1 0 0 0 1 8952 41720 82 7 [33060, 33115, 65448, 65449, 65496, 65497, 65498] 
1198.49 33060 1 0 0 0 1 8952 41720 82 7 [33060, 33115, 65448, 65449, 65496, 65497, 65498] 
1199.49 33060 1 0 0 0 1 8952 41720 82 7 [33060, 33115, 65448, 65449, 65496, 65497, 65498] 
1200.49 33060 1 0 0 0 1 8952 41720 82 7 [33060, 33115, 65448, 65449, 65496, 65497, 65498] 
1201.49 33060 1 0 0 0 1 8952 41720 82 7 [33060, 33115, 65448, 65449, 65496, 65497, 65498] 
1202.49 33060 1 0 0 0 1 8952 41720 82 7 [33060, 33115, 65448, 65449, 65496, 65497, 65498] 
1203.49 33060 1 0 0 0 1 8952 41720 82 7 [33060, 33115, 65448, 65449, 65496, 65497, 65498] 
1204.51 33060 1 0 0 0 1 8952 41720 82 7 [33060, 33115, 65448, 65449, 65496, 65497, 65498] 
1205.51 33060 1 0 0 0 1 8952 41720 82 7 [33060, 33115, 65448, 65449, 65496, 65497, 65498] 
1206.52 33060 1 0 0 0 1 8952 41720 82 7 [33060, 33115, 65448, 65449, 65496, 65497, 65498] 
1207.54 33060 1 0 0 0 1 8952 41720 82 7 [33060, 33115, 65448, 65449, 65496, 65497, 65498] 
1208.54 33060 1 0 0 0 1 8952 41720 82 7 [33060, 33115, 65448, 65449, 65496, 65497, 65498] 
1209.54 33060 1 0 0 0 1 8952 41720 82 6 [33060, 65448, 65449, 65496, 65497, 65498] 
1210.55 33060 1 0 0 0 1 8952 41720 82 6 [33060, 65448, 65449, 65496, 65497, 65498] 
1211.57 33060 1 0 0 0 1 8952 41720 82 6 [33060, 65448, 65449, 65496, 65497, 65498] 
1212.57 33060 1 0 0 0 1 8952 41720 82 6 [33060, 65448, 65449, 65496, 65497, 65498] 
1213.57 33060 1 0 0 0 1 8952 41720 82 6 [33060, 65448, 65449, 65496, 65497, 65498] 
1214.57 33060 1 0 0 0 1 8952 41720 82 6 [33060, 65448, 65449, 65496, 65497, 65498] 
1215.58 33060 1 0 0 0 1 8952 41720 82 6 [33060, 65448, 65449, 65496, 65497, 65498] 
1216.58 33060 1 0 0 0 1 8952 41720 82 6 [33060, 65448, 65449, 65496, 65497, 65498] 
1217.58 33060 1 0 0 0 1 8952 41720 82 6 [33060, 65448, 65449, 65496, 65497, 65498] 
1218.59 33060 1 0 0 0 1 8952 41720 82 6 [33060, 65448, 65449, 65496, 65497, 65498] 
1219.59 33060 1 0 0 0 1 8952 41720 82 6 [33060, 65448, 65449, 65496, 65497, 65498] 
1220.6 33060 1 0 0 0 1 8952 41720 82 6 [33060, 65448, 65449, 65496, 65497, 65498] 
1221.62 33060 1 0 0 0 1 8952 41720 82 6 [33060, 65448, 65449, 65496, 65497, 65498] 
1222.62 33060 1 0 0 0 1 8952 41720 82 6 [33060, 65448, 65449, 65496, 65497, 65498] 
1223.63 33060 1 0 0 0 1 8952 41720 82 6 [33060, 65448, 65449, 65496, 65497, 65498] 
1224.63 33060 1 0 0 0 1 8952 41720 82 6 [33060, 65448, 65449, 65496, 65497, 65498] 
1225.63 33060 1 0 0 0 1 8952 41720 82 6 [33060, 65448, 65449, 65496, 65497, 65498] 
1226.63 33060 1 0 0 0 1 8952 41720 82 6 [33060, 65448, 65449, 65496, 65497, 65498] 
1227.63 33060 1 0 0 0 1 8952 41720 82 6 [33060, 65448, 65449, 65496, 65497, 65498] 
1228.63 33060 1 0 0 0 1 8952 41720 82 6 [33060, 65448, 65449, 65496, 65497, 65498] 
1229.64 33060 1 0 0 0 1 8952 41720 82 6 [33060, 65448, 65449, 65496, 65497, 65498] 
1230.64 33060 1 0 0 0 1 8952 41720 82 6 [33060, 65448, 65449, 65496, 65497, 65498] 
1231.64 33060 1 0 0 0 1 8952 41720 82 6 [33060, 65448, 65449, 65496, 65497, 65498] 
1232.64 33060 1 0 0 0 1 8952 41720 82 6 [33060, 65448, 65449, 65496, 65497, 65498] 
1233.64 33060 1 0 0 0 1 8952 41720 82 6 [33060, 65448, 65449, 65496, 65497, 65498] 
1234.66 33060 1 0 0 0 1 8952 41720 82 6 [33060, 65448, 65449, 65496, 65497, 65498] 
1235.66 33060 1 0 0 0 1 8952 41720 82 6 [33060, 65448, 65449, 65496, 65497, 65498] 
1236.66 33060 1 0 0 0 1 8952 41720 82 6 [33060, 65448, 65449, 65496, 65497, 65498] 
1237.66 33060 1 0 0 0 1 8952 41720 82 6 [33060, 65448, 65449, 65496, 65497, 65498] 
1238.66 33060 1 0 0 0 1 8952 41720 82 6 [33060, 65448, 65449, 65496, 65497, 65498] 
1239.66 33060 1 0 0 0 1 8952 41720 82 6 [33060, 65448, 65449, 65496, 65497, 65498] 
1240.66 33060 1 0 0 0 1 8952 41720 82 6 [33060, 65448, 65449, 65496, 65497, 65498] 
1241.67 33060 1 0 0 0 1 8952 41720 82 6 [33060, 65448, 65449, 65496, 65497, 65498] 
1242.67 33060 1 0 0 0 1 8952 41720 82 6 [33060, 65448, 65449, 65496, 65497, 65498] 
1243.67 33060 1 0 0 0 1 8952 41720 82 6 [33060, 65448, 65449, 65496, 65497, 65498] 
1244.67 33060 1 0 0 0 1 8952 41720 82 6 [33060, 65448, 65449, 65496, 65497, 65498] 
1245.69 33060 1 0 0 0 1 8952 41720 82 6 [33060, 65448, 65449, 65496, 65497, 65498] 
1246.69 33060 1 0 0 0 1 8952 41720 82 6 [33060, 65448, 65449, 65496, 65497, 65498] 
1247.69 33060 1 0 0 0 1 8952 41720 82 6 [33060, 65448, 65449, 65496, 65497, 65498] 
1248.71 33060 1 0 0 0 1 8952 41720 82 6 [33060, 65448, 65449, 65496, 65497, 65498] 
1249.71 33060 1 0 0 0 1 8952 41720 82 6 [33060, 65448, 65449, 65496, 65497, 65498] 
1250.71 33060 1 0 0 0 1 8952 41720 82 6 [33060, 65448, 65449, 65496, 65497, 65498] 
1251.71 33060 1 0 0 0 1 8952 41720 82 6 [33060, 65448, 65449, 65496, 65497, 65498] 
1252.71 33060 1 0 0 0 1 8952 41720 82 6 [33060, 65448, 65449, 65496, 65497, 65498] 
1253.73 33060 1 0 0 0 1 8952 41720 82 6 [33060, 65448, 65449, 65496, 65497, 65498] 
1254.75 33060 1 0 0 0 1 8952 41720 82 6 [33060, 65448, 65449, 65496, 65497, 65498] 
1255.75 33060 1 0 0 0 1 8952 41720 82 6 [33060, 65448, 65449, 65496, 65497, 65498] 
1256.75 33060 1 0 0 0 1 8952 41720 82 6 [33060, 65448, 65449, 65496, 65497, 65498] 
1257.77 33060 1 0 0 0 1 8952 41720 82 6 [33060, 65448, 65449, 65496, 65497, 65498] 
1258.77 33060 1 0 0 0 1 8952 41720 82 6 [33060, 65448, 65449, 65496, 65497, 65498] 
1259.77 33060 1 0 0 0 1 8952 41720 82 6 [33060, 65448, 65449, 65496, 65497, 65498] 
1260.78 33060 1 0 0 0 1 8952 41720 82 6 [33060, 65448, 65449, 65496, 65497, 65498] 
1261.78 33060 1 0 0 0 1 8952 41720 82 6 [33060, 65448, 65449, 65496, 65497, 65498] 
1262.78 33060 1 0 0 0 1 8952 41720 82 6 [33060, 65448, 65449, 65496, 65497, 65498] 
1263.78 33060 1 0 0 0 1 8952 41720 82 6 [33060, 65448, 65449, 65496, 65497, 65498] 
1264.81 33060 1 0 0 0 1 8952 41720 82 6 [33060, 65448, 65449, 65496, 65497, 65498] 
1265.81 33060 1 0 0 0 1 8952 41720 82 6 [33060, 65448, 65449, 65496, 65497, 65498] 
1266.81 33060 1 0 0 0 1 8952 41720 82 6 [33060, 65448, 65449, 65496, 65497, 65498] 
1267.81 33060 1 0 0 0 1 8952 41720 82 6 [33060, 65448, 65449, 65496, 65497, 65498] 
1268.81 33060 1 0 0 0 1 8952 41720 82 6 [33060, 65448, 65449, 65496, 65497, 65498] 
1269.81 33060 1 0 0 0 0 8952 41720 82 6 [33060, 65448, 65449, 65496, 65497, 65498] 
1270.81 33060 1 0 0 0 0 8952 41720 82 6 [33060, 65448, 65449, 65496, 65497, 65498] 
1271.81 33060 1 0 0 0 0 8952 41720 82 6 [33060, 65448, 65449, 65496, 65497, 65498] 
1272.82 33060 1 0 0 0 0 8952 41720 82 6 [33060, 65448, 65449, 65496, 65497, 65498] 
1273.82 33060 1 0 0 0 0 8952 41720 82 6 [33060, 65448, 65449, 65496, 65497, 65498] 
1274.82 33060 1 0 0 0 0 8952 41720 82 6 [33060, 65448, 65449, 65496, 65497, 65498] 
1275.82 33060 1 0 0 0 0 8952 41720 82 6 [33060, 65448, 65449, 65496, 65497, 65498] 
1276.82 33060 1 0 0 0 0 8952 41720 82 6 [33060, 65448, 65449, 65496, 65497, 65498] 
1277.84 33060 1 0 0 0 1 8952 41720 82 6 [33060, 65448, 65449, 65496, 65497, 65498] 
1278.84 33060 1 0 0 0 1 8952 41720 88 6 [33060, 65448, 65449, 65496, 65497, 65498] 
1279.84 33060 1 0 0 0 1 8952 41720 88 6 [33060, 65448, 65449, 65496, 65497, 65498] 
1280.84 33060 1 0 0 0 1 8952 41720 88 6 [33060, 65448, 65449, 65496, 65497, 65498] 
1281.84 33060 1 0 0 0 1 8952 41720 88 6 [33060, 65448, 65449, 65496, 65497, 65498] 
1282.85 33060 1 0 0 0 1 8952 41720 88 6 [33060, 65448, 65449, 65496, 65497, 65498] 
1283.85 33060 1 0 0 0 1 8952 41720 88 6 [33060, 65448, 65449, 65496, 65497, 65498] 
1284.85 33060 1 0 0 0 1 8952 41720 88 6 [33060, 65448, 65449, 65496, 65497, 65498] 
1285.85 33060 2 0 0 0 1 8952 41720 88 5 [65448, 65449, 65496, 65497, 65498] 
1286.87 33060 2 0 0 0 1 8952 41720 88 5 [65448, 65449, 65496, 65497, 65498] 
1287.87 33060 3 0 0 0 1 8952 41720 88 5 [65448, 65449, 65496, 65497, 65498] 
1288.87 33060 4 0 0 0 1 8952 41720 88 5 [65448, 65449, 65496, 65497, 65498] 
1289.87 33060 5 0 0 0 1 8952 41720 88 5 [65448, 65449, 65496, 65497, 65498] 
1290.87 33060 6 0 0 0 1 8952 41720 88 5 [65448, 65449, 65496, 65497, 65498] 
1291.88 33060 7 0 0 0 1 8952 41720 88 5 [65448, 65449, 65496, 65497, 65498] 
1292.88 33060 8 0 0 0 1 8952 41720 88 5 [65448, 65449, 65496, 65497, 65498] 
1293.88 33060 9 0 0 0 1 8952 41720 88 5 [65448, 65449, 65496, 65497, 65498] 
1294.89 33060 10 0 0 0 1 8952 41720 88 5 [65448, 65449, 65496, 65497, 65498] 
1295.9 65448 1 0 0 0 1 8952 41720 88 5 [65448, 65449, 65496, 65497, 65498] 
1296.9 65448 1 0 0 0 1 8952 41720 88 5 [65448, 65449, 65496, 65497, 65498] 
1297.91 65448 1 0 0 0 1 8952 41720 88 5 [65448, 65449, 65496, 65497, 65498] 
1298.91 65448 1 0 0 0 1 8952 41720 88 5 [65448, 65449, 65496, 65497, 65498] 
1299.91 65448 1 0 0 0 1 8952 41720 88 5 [65448, 65449, 65496, 65497, 65498] 
1300.93 65448 1 0 0 0 1 8952 41720 88 5 [65448, 65449, 65496, 65497, 65498] 
1301.93 65448 1 0 0 0 1 8952 41720 88 5 [65448, 65449, 65496, 65497, 65498] 
1302.93 65448 1 0 0 0 1 8952 41720 88 5 [65448, 65449, 65496, 65497, 65498] 
1303.93 65448 1 0 0 0 1 8952 41720 88 5 [65448, 65449, 65496, 65497, 65498] 
1304.94 65448 1 0 0 0 1 8952 41720 88 5 [65448, 65449, 65496, 65497, 65498] 
1305.96 65448 1 0 0 0 1 8952 41720 88 5 [65448, 65449, 65496, 65497, 65498] 
1306.96 65448 1 0 0 0 1 8952 41720 88 5 [65448, 65449, 65496, 65497, 65498] 
1307.96 65448 1 0 0 0 1 8952 41720 88 5 [65448, 65449, 65496, 65497, 65498] 
1308.96 65448 1 0 0 0 1 8952 41720 88 5 [65448, 65449, 65496, 65497, 65498] 
1309.96 65448 1 0 0 0 1 8952 41720 88 5 [65448, 65449, 65496, 65497, 65498] 
1310.96 65448 1 0 0 0 1 8952 41720 88 5 [65448, 65449, 65496, 65497, 65498] 
1311.98 65448 1 0 0 0 1 8952 41720 88 5 [65448, 65449, 65496, 65497, 65498] 
1312.98 65448 1 0 0 0 1 8952 41720 88 5 [65448, 65449, 65496, 65497, 65498] 
1314 65448 1 0 0 0 1 8952 41720 88 5 [65448, 65449, 65496, 65497, 65498] 
1315 65448 1 0 0 0 1 8952 41720 88 5 [65448, 65449, 65496, 65497, 65498] 
1316 65448 1 0 0 0 1 8952 41720 88 5 [65448, 65449, 65496, 65497, 65498] 
1317 65448 1 0 0 0 1 8952 41720 88 5 [65448, 65449, 65496, 65497, 65498] 
1318 65448 1 0 0 0 1 8952 41720 88 5 [65448, 65449, 65496, 65497, 65498] 
1319.01 65448 1 0 0 0 1 8952 41720 88 5 [65448, 65449, 65496, 65497, 65498] 
1320.01 65448 1 0 0 0 1 8952 41720 88 5 [65448, 65449, 65496, 65497, 65498] 
1321.01 65448 1 0 0 0 1 8952 41720 88 5 [65448, 65449, 65496, 65497, 65498] 
1322.01 65448 1 0 0 0 1 8952 41720 88 5 [65448, 65449, 65496, 65497, 65498] 
1323.01 65448 1 0 0 0 1 8952 41720 88 5 [65448, 65449, 65496, 65497, 65498] 
1324.01 65448 1 0 0 0 1 8952 41720 88 5 [65448, 65449, 65496, 65497, 65498] 
1325.01 65448 1 0 0 0 1 8952 41720 88 5 [65448, 65449, 65496, 65497, 65498] 
1326.02 65448 1 0 0 0 1 8952 41720 88 5 [65448, 65449, 65496, 65497, 65498] 
1327.03 65448 1 0 0 0 1 8952 41720 88 5 [65448, 65449, 65496, 65497, 65498] 
1328.03 65448 1 0 0 0 1 8952 41720 88 5 [65448, 65449, 65496, 65497, 65498] 
1329.04 65448 1 0 0 0 1 8952 41720 88 5 [65448, 65449, 65496, 65497, 65498] 
1330.04 65448 1 0 0 0 1 8952 41720 88 5 [65448, 65449, 65496, 65497, 65498] 
1331.04 65448 1 0 0 0 1 8952 41720 88 5 [65448, 65449, 65496, 65497, 65498] 
1332.04 65448 1 0 0 0 1 8952 41720 88 5 [65448, 65449, 65496, 65497, 65498] 
1333.04 65448 1 0 0 0 1 8952 41720 88 5 [65448, 65449, 65496, 65497, 65498] 
1334.05 65448 1 0 0 0 1 8952 41720 88 5 [65448, 65449, 65496, 65497, 65498] 
1335.06 65448 1 0 0 0 1 8952 41720 88 5 [65448, 65449, 65496, 65497, 65498] 
1336.06 65448 1 0 0 0 1 8952 41720 88 5 [65448, 65449, 65496, 65497, 65498] 
1337.06 65448 1 0 0 0 1 8952 41720 88 5 [65448, 65449, 65496, 65497, 65498] 
1338.06 65448 1 0 0 0 1 8952 41720 88 5 [65448, 65449, 65496, 65497, 65498] 
1339.06 65448 1 0 0 0 1 8952 41720 88 5 [65448, 65449, 65496, 65497, 65498] 
1340.06 65448 1 0 0 0 1 8952 41720 88 5 [65448, 65449, 65496, 65497, 65498] 
1341.06 65448 1 0 0 0 1 8952 41720 88 5 [65448, 65449, 65496, 65497, 65498] 
1342.08 65448 1 0 0 0 1 8952 41720 88 5 [65448, 65449, 65496, 65497, 65498] 
1343.08 65448 1 0 0 0 1 8952 41720 88 5 [65448, 65449, 65496, 65497, 65498] 
1344.08 65448 1 0 0 0 1 8952 41720 88 5 [65448, 65449, 65496, 65497, 65498] 
1345.09 65448 1 0 0 0 1 8952 41720 88 5 [65448, 65449, 65496, 65497, 65498] 
1346.09 65448 1 0 0 0 0 8952 41720 88 5 [65448, 65449, 65496, 65497, 65498] 
1347.09 65448 1 0 0 0 0 8952 41720 88 4 [65448, 65496, 65497, 65498] 
1348.09 65448 1 0 0 0 0 8952 41720 88 4 [65448, 65496, 65497, 65498] 
1349.1 65448 1 0 0 0 0 8952 41720 88 4 [65448, 65496, 65497, 65498] 
1350.1 65448 1 0 0 0 0 8952 41720 88 4 [65448, 65496, 65497, 65498] 
1351.1 65448 1 0 0 0 0 8952 41720 88 4 [65448, 65496, 65497, 65498] 
1352.1 65448 1 0 0 0 0 8952 41720 88 4 [65448, 65496, 65497, 65498] 
1353.1 65448 1 0 0 0 0 8952 41720 88 4 [65448, 65496, 65497, 65498] 
1354.1 65448 1 0 0 0 0 8952 41720 88 4 [65448, 65496, 65497, 65498] 
1355.1 65448 1 0 0 0 0 8952 41720 88 4 [65448, 65496, 65497, 65498] 
1356.1 65448 1 0 0 0 0 8952 41720 88 4 [65448, 65496, 65497, 65498] 
1357.11 65448 1 0 0 0 0 8952 41720 88 4 [65448, 65496, 65497, 65498] 
1358.11 65448 1 0 0 0 0 8952 41720 88 4 [65448, 65496, 65497, 65498] 
1359.11 65448 1 0 0 0 0 8952 41720 88 4 [65448, 65496, 65497, 65498] 
1360.11 65448 1 0 0 0 0 8952 41720 88 4 [65448, 65496, 65497, 65498] 
1361.11 65448 1 0 0 0 0 8952 41720 88 4 [65448, 65496, 65497, 65498] 
1362.12 65448 1 0 0 0 0 8952 41720 88 4 [65448, 65496, 65497, 65498] 
1363.12 65448 1 0 0 0 0 8952 41720 88 4 [65448, 65496, 65497, 65498] 
1364.12 65448 1 0 0 0 0 8952 41720 88 4 [65448, 65496, 65497, 65498] 
1365.12 65448 1 0 0 0 0 8952 41720 88 4 [65448, 65496, 65497, 65498] 
1366.12 65448 1 0 0 0 0 8952 41720 88 4 [65448, 65496, 65497, 65498] 
1367.13 65448 1 0 0 0 0 8952 41720 88 4 [65448, 65496, 65497, 65498] 
1368.13 65448 1 0 0 0 0 8952 41720 88 4 [65448, 65496, 65497, 65498] 
1369.13 65448 1 0 0 0 0 8952 41720 88 4 [65448, 65496, 65497, 65498] 
1370.13 65448 1 0 0 0 0 8952 41720 88 4 [65448, 65496, 65497, 65498] 
1371.13 65448 1 0 0 0 0 8952 41720 88 4 [65448, 65496, 65497, 65498] 
1372.13 65448 1 0 0 0 0 8952 41720 88 4 [65448, 65496, 65497, 65498] 
1373.13 65448 1 0 0 0 0 8952 41720 88 4 [65448, 65496, 65497, 65498] 
1374.13 65448 1 0 0 0 0 8952 41720 88 4 [65448, 65496, 65497, 65498] 
1375.13 65448 1 0 0 0 0 8952 41720 88 4 [65448, 65496, 65497, 65498] 
1376.13 65448 1 0 0 0 0 8952 41720 88 4 [65448, 65496, 65497, 65498] 
1377.14 65448 1 0 0 0 0 8952 41720 88 4 [65448, 65496, 65497, 65498] 
1378.14 65448 1 0 0 0 0 8952 41720 88 4 [65448, 65496, 65497, 65498] 
1379.14 65448 1 0 0 0 0 8952 41720 88 4 [65448, 65496, 65497, 65498] 
1380.14 65448 1 0 0 0 0 8952 41720 88 4 [65448, 65496, 65497, 65498] 
1381.14 65448 1 0 0 0 0 8952 41720 88 4 [65448, 65496, 65497, 65498] 
1382.14 65448 1 0 0 0 0 8952 41720 88 4 [65448, 65496, 65497, 65498] 
1383.14 65448 1 0 0 0 0 8952 41720 88 4 [65448, 65496, 65497, 65498] 
1384.14 65448 1 0 0 0 0 8952 41720 88 4 [65448, 65496, 65497, 65498] 
1385.14 65448 1 0 0 0 0 8952 41720 88 4 [65448, 65496, 65497, 65498] 
1386.14 65448 1 0 0 0 0 8952 41720 88 4 [65448, 65496, 65497, 65498] 
1387.14 65448 1 0 0 0 0 8952 41720 88 4 [65448, 65496, 65497, 65498] 
1388.14 65448 1 0 0 0 0 8952 41720 88 4 [65448, 65496, 65497, 65498] 
1389.14 65448 1 0 0 0 0 8952 41720 88 4 [65448, 65496, 65497, 65498] 
1390.14 65448 1 0 0 0 0 8952 41720 88 4 [65448, 65496, 65497, 65498] 
1391.14 65448 1 0 0 0 0 8952 41720 88 4 [65448, 65496, 65497, 65498] 
1392.14 65448 1 0 0 0 0 8952 41720 88 4 [65448, 65496, 65497, 65498] 
1393.14 65448 1 0 0 0 0 8952 41720 88 4 [65448, 65496, 65497, 65498] 
1394.14 65448 1 0 0 0 0 8952 41720 88 4 [65448, 65496, 65497, 65498] 
1395.15 65448 1 0 0 0 0 8952 41720 88 4 [65448, 65496, 65497, 65498] 
1396.15 65448 1 0 0 0 0 8952 41720 88 4 [65448, 65496, 65497, 65498] 
1397.16 65448 1 0 0 0 0 8952 41720 88 4 [65448, 65496, 65497, 65498] 
1398.16 65448 1 0 0 0 0 8952 41720 88 4 [65448, 65496, 65497, 65498] 
1399.16 65448 1 0 0 0 0 8952 41720 88 4 [65448, 65496, 65497, 65498] 
1400.16 65448 1 0 0 0 0 8952 41720 88 4 [65448, 65496, 65497, 65498] 
1401.16 65448 1 0 0 0 0 8952 41720 88 4 [65448, 65496, 65497, 65498] 
1402.17 65448 1 0 0 0 0 8952 41720 88 4 [65448, 65496, 65497, 65498] 
1403.17 65448 1 0 0 0 0 8952 41720 88 4 [65448, 65496, 65497, 65498] 
1404.17 65448 1 0 0 0 0 8952 41720 88 4 [65448, 65496, 65497, 65498] 
1405.18 65448 1 0 0 0 0 8952 41720 88 4 [65448, 65496, 65497, 65498] 
1406.2 65448 1 0 0 0 0 8952 41720 88 4 [65448, 65496, 65497, 65498] 
1407.2 65448 1 0 0 0 0 8952 41720 88 4 [65448, 65496, 65497, 65498] 
1408.2 65448 1 0 0 0 0 8952 41720 88 4 [65448, 65496, 65497, 65498] 
1409.2 65448 1 0 0 0 0 8952 41720 88 4 [65448, 65496, 65497, 65498] 
1410.2 65448 1 0 0 0 0 8952 41720 88 4 [65448, 65496, 65497, 65498] 
1411.2 65448 1 0 0 0 0 8952 41720 88 4 [65448, 65496, 65497, 65498] 
1412.2 65448 1 0 0 0 0 8952 41720 88 4 [65448, 65496, 65497, 65498] 
1413.2 65448 1 0 0 0 0 8952 41720 88 4 [65448, 65496, 65497, 65498] 
1414.2 65448 1 0 0 0 0 8952 41720 88 4 [65448, 65496, 65497, 65498] 
1415.2 65448 1 0 0 0 0 8952 41720 88 4 [65448, 65496, 65497, 65498] 
1416.2 65448 1 0 0 0 0 8952 41720 88 4 [65448, 65496, 65497, 65498] 
1417.21 65448 1 0 0 0 0 8952 41720 88 4 [65448, 65496, 65497, 65498] 
1418.21 65448 1 0 0 0 0 8952 41720 88 4 [65448, 65496, 65497, 65498] 
1419.21 65448 1 0 0 0 0 8952 41720 88 4 [65448, 65496, 65497, 65498] 
1420.22 65448 1 0 0 0 0 8952 41720 88 4 [65448, 65496, 65497, 65498] 
1421.22 65448 1 0 0 0 0 8952 41720 88 4 [65448, 65496, 65497, 65498] 
1422.22 65448 1 0 0 0 0 8952 41720 88 4 [65448, 65496, 65497, 65498] 
1423.22 65448 1 0 0 0 0 8952 41720 88 4 [65448, 65496, 65497, 65498] 
1424.22 65448 1 0 0 0 0 8952 41720 88 4 [65448, 65496, 65497, 65498] 
1425.22 65448 1 0 0 1 1 8952 41720 88 4 [65448, 65496, 65497, 65498] 
1426.22 65448 1 0 0 1 1 8952 41720 88 4 [65448, 65496, 65497, 65498] 
1427.22 65448 1 0 0 1 1 8952 41720 88 4 [65448, 65496, 65497, 65498] 
1428.23 65448 1 0 0 1 1 8952 41720 88 4 [65448, 65496, 65497, 65498] 
1429.23 65448 1 0 0 1 1 8952 41720 88 4 [65448, 65496, 65497, 65498] 
########################################################
# FCPP execution finished at: Thu Jan  1 00:22:46 1970 #
########################################################
