# log size 6610
########################################################
# FCPP execution started at:  Thu Jan  1 00:00:00 1970 #
########################################################
# 
#
# The columns have the following meaning:
# global_clock min_uid hop_dist bool_status max_stack max_heap max_msg degree nbr_list 
0 33115 0 1 1 0 0 8952 29432 0 0 [] 
1 33115 0 1 1 0 0 8952 31480 76 0 [] 
2 33115 0 1 1 0 0 8952 31480 76 0 [] 
3 33115 0 1 1 0 0 8952 32504 76 0 [] 
4 33115 0 1 1 0 0 8952 32504 76 0 [] 
5 33115 0 1 1 0 0 8952 32504 76 0 [] 
6 33115 0 1 1 0 0 8952 32504 76 0 [] 
7 33115 0 1 1 0 0 8952 32504 76 0 [] 
8 33115 0 1 1 0 0 8952 32504 76 0 [] 
9 33115 0 1 1 0 0 8952 32504 76 0 [] 
10 33115 0 1 1 0 0 8952 32504 76 0 [] 
11 33115 0 1 1 0 0 8952 32504 76 0 [] 
12 33115 0 1 1 0 0 8952 32504 76 0 [] 
13 33115 0 1 1 0 0 8952 32504 76 0 [] 
14 33115 0 1 1 0 0 8952 32504 76 0 [] 
15 33115 0 1 1 0 0 8952 32504 76 0 [] 
16 33115 0 1 1 0 0 8952 32504 76 0 [] 
17 33115 0 1 1 0 0 8952 32504 76 0 [] 
18 33115 0 1 1 0 0 8952 32504 76 0 [] 
19 33115 0 1 1 0 0 8952 32504 76 0 [] 
20 33115 0 1 1 0 0 8952 32504 76 0 [] 
21 33060 1 1 1 0 0 8952 32504 76 1 [33060] 
22.0105 33060 1 1 1 0 0 8952 33528 76 1 [33060] 
23.0113 33060 1 1 1 0 0 8952 33528 76 1 [33060] 
24.0117 33060 1 1 1 0 0 8952 33528 76 1 [33060] 
25.0125 33060 1 1 1 0 0 8952 33528 76 1 [33060] 
26.0234 33060 1 1 1 0 0 8952 33528 76 1 [33060] 
27.0234 33060 1 1 1 0 0 8952 33528 76 1 [33060] 
28.0234 33060 1 1 1 0 0 8952 33528 76 1 [33060] 
29.0234 33060 1 1 1 0 0 8952 33528 76 1 [33060] 
30.0234 33060 1 1 1 0 0 8952 33528 76 1 [33060] 
31.0234 33060 1 1 1 0 0 8952 33528 76 1 [33060] 
32.0234 33060 1 1 1 0 0 8952 33528 76 1 [33060] 
33.0234 33060 1 1 1 0 0 8952 33528 76 1 [33060] 
34.0234 33060 1 1 1 0 0 8952 33528 76 1 [33060] 
35.0234 33060 1 1 1 0 0 8952 33528 76 1 [33060] 
36.0234 33060 1 1 1 0 0 8952 33528 76 1 [33060] 
37.0234 33060 1 1 1 0 0 8952 33528 76 1 [33060] 
38.0234 33060 1 1 1 0 0 8952 33528 76 1 [33060] 
39.0234 33060 1 1 1 0 0 8952 33528 76 1 [33060] 
40.0234 33060 1 1 1 0 0 8952 33528 76 1 [33060] 
41.0234 33060 1 1 1 0 0 8952 33528 76 1 [33060] 
42.0234 33060 1 1 1 0 0 8952 33528 76 1 [33060] 
43.0234 33060 1 1 1 0 0 8952 33528 76 1 [33060] 
44.0234 33060 1 1 1 0 0 8952 33528 76 1 [33060] 
45.0234 33060 1 1 1 0 0 8952 33528 76 1 [33060] 
46.0234 33060 1 0 1 0 0 8952 33528 76 2 [33060, 65449] 
47.0234 33060 1 0 1 0 0 8952 34552 76 2 [33060, 65449] 
48.0234 33060 1 0 0 0 0 8952 34552 76 2 [33060, 65449] 
49.0234 33060 1 0 0 0 0 8952 34552 76 2 [33060, 65449] 
50.0234 33060 1 0 0 0 0 8952 34552 76 2 [33060, 65449] 
51.0234 33060 1 0 0 0 0 8952 34552 76 2 [33060, 65449] 
52.0234 33060 1 0 0 0 0 8952 34552 76 2 [33060, 65449] 
53.0234 33060 1 0 0 0 0 8952 34552 76 2 [33060, 65449] 
54.0234 33060 1 0 0 0 0 8952 34552 76 2 [33060, 65449] 
55.0234 33060 1 0 0 0 0 8952 34552 76 2 [33060, 65449] 
56.0234 33060 1 0 0 0 0 8952 34552 76 2 [33060, 65449] 
57.0234 33060 1 0 0 0 0 8952 34552 76 2 [33060, 65449] 
58.0234 33060 1 1 0 0 0 8952 34552 76 1 [33060] 
59.0234 33060 1 1 1 0 0 8952 34552 76 1 [33060] 
60.0234 33060 1 1 1 0 0 8952 34552 76 1 [33060] 
61.0234 33060 1 1 1 0 0 8952 34552 76 1 [33060] 
62.0234 33060 1 0 1 0 0 8952 34552 76 2 [33060, 65449] 
63.0234 33060 1 0 1 0 0 8952 34552 76 2 [33060, 65449] 
64.0234 33060 1 0 0 0 0 8952 34552 76 2 [33060, 65449] 
65.0234 33060 1 0 0 0 0 8952 34552 76 2 [33060, 65449] 
66.0234 33060 1 0 0 0 0 8952 34552 76 2 [33060, 65449] 
67.0234 33060 1 0 0 0 0 8952 34552 76 2 [33060, 65449] 
68.0234 33060 1 0 0 0 0 8952 34552 76 2 [33060, 65449] 
69.0234 33060 1 0 0 0 0 8952 34552 76 2 [33060, 65449] 
70.0234 33060 1 1 1 0 0 8952 34552 76 1 [33060] 
71.0234 33060 1 0 1 0 0 8952 34552 76 3 [33060, 65449, 65499] 
72.0234 33060 1 0 1 0 0 8952 35576 76 3 [33060, 65449, 65499] 
73.0234 33060 1 0 1 0 0 8952 35576 76 3 [33060, 65449, 65499] 
74.0234 33060 1 0 0 0 0 8952 35576 76 3 [33060, 65449, 65499] 
75.0234 33060 1 0 0 0 0 8952 35576 76 3 [33060, 65449, 65499] 
76.0234 33060 1 0 0 0 0 8952 35576 76 3 [33060, 65449, 65499] 
77.0234 33060 1 0 0 0 0 8952 35576 76 3 [33060, 65449, 65499] 
78.0234 33060 1 0 0 0 0 8952 35576 76 3 [33060, 65449, 65499] 
79.0312 33060 1 0 0 0 0 8952 35576 76 3 [33060, 65449, 65499] 
80.0312 33060 1 0 0 0 0 8952 35576 76 3 [33060, 65449, 65499] 
81.0312 33060 1 0 0 0 0 8952 35576 76 3 [33060, 65449, 65499] 
82.0312 33060 1 0 0 0 0 8952 35576 76 3 [33060, 65449, 65499] 
83.0312 33060 1 0 0 0 0 8952 35576 76 3 [33060, 65449, 65499] 
84.0312 33060 1 0 0 0 0 8952 35576 76 3 [33060, 65449, 65499] 
85.0312 33060 1 0 0 0 0 8952 35576 76 3 [33060, 65449, 65499] 
86.0312 33060 1 0 0 0 0 8952 35576 76 3 [33060, 65449, 65499] 
87.0312 33060 1 0 0 0 0 8952 35576 76 3 [33060, 65449, 65499] 
88.0312 33060 1 0 0 0 0 8952 35576 76 3 [33060, 65449, 65499] 
89.0312 33060 1 0 0 0 0 8952 35576 76 3 [33060, 65449, 65499] 
90.0312 33060 1 0 0 0 0 8952 35576 76 3 [33060, 65449, 65499] 
91.0312 33060 1 0 0 0 0 8952 36600 76 4 [33060, 65449, 65496, 65499] 
92.0312 33060 1 0 0 0 0 8952 36600 76 4 [33060, 65449, 65496, 65499] 
93.0312 33060 1 0 0 0 0 8952 36600 76 4 [33060, 65449, 65496, 65499] 
94.0312 33060 1 0 0 0 0 8952 36600 76 4 [33060, 65449, 65496, 65499] 
95.0312 33060 1 0 0 0 0 8952 36600 76 4 [33060, 65449, 65496, 65499] 
96.0312 33060 1 0 0 0 0 8952 36600 76 4 [33060, 65449, 65496, 65499] 
97.0319 33060 1 0 0 0 0 8952 36600 76 4 [33060, 65449, 65496, 65499] 
98.0319 33060 1 0 0 0 0 8952 36600 76 4 [33060, 65449, 65496, 65499] 
99.0319 33060 1 0 0 0 0 8952 36600 76 4 [33060, 65449, 65496, 65499] 
100.032 33060 1 0 0 0 0 8952 36600 76 4 [33060, 65449, 65496, 65499] 
101.032 33060 1 0 0 0 0 8952 36600 76 4 [33060, 65449, 65496, 65499] 
102.032 33060 1 0 0 0 0 8952 36600 76 4 [33060, 65449, 65496, 65499] 
103.032 33060 1 0 0 0 0 8952 36600 76 4 [33060, 65449, 65496, 65499] 
104.032 33060 1 0 0 0 0 8952 36600 76 4 [33060, 65449, 65496, 65499] 
105.032 33060 1 0 0 0 0 8952 36600 76 4 [33060, 65449, 65496, 65499] 
106.032 33060 1 0 0 0 0 8952 36600 76 4 [33060, 65449, 65496, 65499] 
107.032 33060 1 0 0 0 0 8952 36600 76 4 [33060, 65449, 65496, 65499] 
108.032 33060 1 0 0 0 0 8952 36600 76 4 [33060, 65449, 65496, 65499] 
109.032 33060 1 0 0 0 0 8952 36600 76 4 [33060, 65449, 65496, 65499] 
110.032 33060 1 0 0 0 0 8952 37624 76 5 [33060, 65448, 65449, 65496, 65499] 
111.032 33060 1 0 0 0 0 8952 37624 76 5 [33060, 65448, 65449, 65496, 65499] 
112.032 33060 1 0 0 0 0 8952 37624 76 5 [33060, 65448, 65449, 65496, 65499] 
113.032 33060 1 0 0 0 0 8952 38648 76 5 [33060, 65448, 65449, 65496, 65499] 
114.032 33060 1 0 0 0 0 8952 38648 76 5 [33060, 65448, 65449, 65496, 65499] 
115.032 33060 1 0 0 0 0 8952 38648 76 5 [33060, 65448, 65449, 65496, 65499] 
116.032 33060 1 0 0 0 0 8952 38648 76 5 [33060, 65448, 65449, 65496, 65499] 
117.032 33060 1 0 0 0 0 8952 38648 76 5 [33060, 65448, 65449, 65496, 65499] 
118.032 33060 1 0 0 0 0 8952 38648 76 5 [33060, 65448, 65449, 65496, 65499] 
119.032 33060 1 0 0 0 0 8952 38648 76 5 [33060, 65448, 65449, 65496, 65499] 
120.032 33060 1 0 0 0 0 8952 38648 76 5 [33060, 65448, 65449, 65496, 65499] 
121.032 33060 1 0 0 0 0 8952 38648 76 4 [33060, 65448, 65496, 65499] 
122.032 33060 1 0 0 0 0 8952 38648 76 4 [33060, 65448, 65496, 65499] 
123.032 33060 1 0 0 0 0 8952 38648 76 4 [33060, 65448, 65496, 65499] 
124.032 33060 1 0 0 0 0 8952 38648 76 4 [33060, 65448, 65496, 65499] 
125.032 33060 1 0 0 0 0 8952 38648 76 4 [33060, 65448, 65496, 65499] 
126.032 33060 1 0 0 0 0 8952 38648 76 4 [33060, 65448, 65496, 65499] 
127.032 33060 1 0 0 0 0 8952 38648 76 4 [33060, 65448, 65496, 65499] 
128.032 33060 1 0 0 0 0 8952 38648 76 4 [33060, 65448, 65496, 65499] 
129.032 33060 1 0 0 0 0 8952 38648 76 4 [33060, 65448, 65496, 65499] 
130.032 33060 1 0 0 0 0 8952 38648 76 4 [33060, 65448, 65496, 65499] 
131.032 33060 1 0 0 0 0 8952 38648 76 4 [33060, 65448, 65496, 65499] 
132.032 33060 1 0 0 0 0 8952 38648 76 4 [33060, 65448, 65496, 65499] 
133.032 33060 1 0 0 0 0 8952 38648 76 4 [33060, 65448, 65496, 65499] 
134.032 33060 1 0 0 0 0 8952 38648 76 4 [33060, 65448, 65496, 65499] 
135.032 33060 1 0 0 0 0 8952 38648 76 4 [33060, 65448, 65496, 65499] 
136.032 33060 1 0 0 0 0 8952 38648 76 5 [33060, 65448, 65496, 65498, 65499] 
137.032 33060 1 0 0 0 0 8952 38648 76 5 [33060, 65448, 65496, 65498, 65499] 
138.032 33060 1 0 0 0 0 8952 39672 76 6 [33060, 65448, 65449, 65496, 65498, 65499] 
139.048 33060 1 0 0 0 0 8952 39672 76 6 [33060, 65448, 65449, 65496, 65498, 65499] 
140.048 33060 1 0 0 0 0 8952 39672 76 6 [33060, 65448, 65449, 65496, 65498, 65499] 
141.054 33060 1 0 0 0 0 8952 39672 76 6 [33060, 65448, 65449, 65496, 65498, 65499] 
142.054 33060 1 0 0 0 0 8952 39672 76 6 [33060, 65448, 65449, 65496, 65498, 65499] 
143.054 33060 1 0 0 0 0 8952 39672 76 6 [33060, 65448, 65449, 65496, 65498, 65499] 
144.054 33060 1 0 0 0 0 8952 39672 76 6 [33060, 65448, 65449, 65496, 65498, 65499] 
145.068 33060 1 0 0 0 0 8952 39672 76 6 [33060, 65448, 65449, 65496, 65498, 65499] 
146.068 33060 1 0 0 0 0 8952 39672 76 6 [33060, 65448, 65449, 65496, 65498, 65499] 
147.068 33060 1 0 0 0 0 8952 39672 76 6 [33060, 65448, 65449, 65496, 65498, 65499] 
148.068 33060 1 0 0 0 0 8952 39672 76 6 [33060, 65448, 65449, 65496, 65498, 65499] 
149.068 33060 1 0 0 0 0 8952 39672 76 6 [33060, 65448, 65449, 65496, 65498, 65499] 
150.068 33060 1 0 0 0 0 8952 39672 76 6 [33060, 65448, 65449, 65496, 65498, 65499] 
151.068 33060 1 0 0 0 0 8952 39672 76 6 [33060, 65448, 65449, 65496, 65498, 65499] 
152.068 33060 1 0 0 0 0 8952 39672 76 6 [33060, 65448, 65449, 65496, 65498, 65499] 
153.068 33060 1 0 0 0 0 8952 39672 76 6 [33060, 65448, 65449, 65496, 65498, 65499] 
154.068 33060 1 0 0 0 0 8952 39672 76 6 [33060, 65448, 65449, 65496, 65498, 65499] 
155.083 33060 1 0 0 0 0 8952 39672 76 6 [33060, 65448, 65449, 65496, 65498, 65499] 
156.083 33060 1 0 0 0 0 8952 40696 76 7 [33060, 65448, 65449, 65496, 65497, 65498, 65499] 
157.083 33060 1 0 1 0 0 8952 40696 76 7 [33060, 65448, 65449, 65496, 65497, 65498, 65499] 
158.083 33060 1 0 0 0 0 8952 40696 76 7 [33060, 65448, 65449, 65496, 65497, 65498, 65499] 
159.086 33060 1 0 0 0 0 8952 40696 76 7 [33060, 65448, 65449, 65496, 65497, 65498, 65499] 
160.086 33060 1 0 0 0 0 8952 40696 76 7 [33060, 65448, 65449, 65496, 65497, 65498, 65499] 
161.089 33060 1 0 0 0 0 8952 40696 76 7 [33060, 65448, 65449, 65496, 65497, 65498, 65499] 
162.091 33060 1 0 0 0 0 8952 41720 76 7 [33060, 65448, 65449, 65496, 65497, 65498, 65499] 
163.091 33060 1 0 0 0 0 8952 41720 76 7 [33060, 65448, 65449, 65496, 65497, 65498, 65499] 
164.102 33060 1 0 0 0 0 8952 41720 76 7 [33060, 65448, 65449, 65496, 65497, 65498, 65499] 
165.102 33060 1 0 0 0 0 8952 41720 76 7 [33060, 65448, 65449, 65496, 65497, 65498, 65499] 
166.102 33060 1 0 0 0 0 8952 41720 76 7 [33060, 65448, 65449, 65496, 65497, 65498, 65499] 
167.102 33060 1 0 0 0 0 8952 41720 76 7 [33060, 65448, 65449, 65496, 65497, 65498, 65499] 
168.104 33060 1 0 0 0 0 8952 41720 76 7 [33060, 65448, 65449, 65496, 65497, 65498, 65499] 
169.104 33060 1 0 0 0 0 8952 41720 76 7 [33060, 65448, 65449, 65496, 65497, 65498, 65499] 
170.108 33060 1 0 0 0 0 8952 41720 76 6 [33060, 65448, 65496, 65497, 65498, 65499] 
171.112 33060 1 0 0 0 0 8952 41720 76 6 [33060, 65448, 65496, 65497, 65498, 65499] 
172.112 33060 1 0 0 0 0 8952 41720 76 6 [33060, 65448, 65496, 65497, 65498, 65499] 
173.112 33060 1 0 0 0 0 8952 41720 76 6 [33060, 65448, 65496, 65497, 65498, 65499] 
174.112 33060 1 0 0 0 0 8952 41720 76 7 [33060, 65448, 65449, 65496, 65497, 65498, 65499] 
175.116 33060 1 0 0 0 0 8952 41720 76 7 [33060, 65448, 65449, 65496, 65497, 65498, 65499] 
176.118 33060 1 0 0 0 0 8952 41720 76 7 [33060, 65448, 65449, 65496, 65497, 65498, 65499] 
177.118 33060 1 0 0 0 0 8952 41720 76 7 [33060, 65448, 65449, 65496, 65497, 65498, 65499] 
178.12 33060 1 0 0 0 0 8952 41720 76 7 [33060, 65448, 65449, 65496, 65497, 65498, 65499] 
179.123 33060 1 0 0 0 0 8952 41720 76 7 [33060, 65448, 65449, 65496, 65497, 65498, 65499] 
180.123 33060 1 0 0 0 0 8952 41720 76 7 [33060, 65448, 65449, 65496, 65497, 65498, 65499] 
181.132 33060 1 0 0 0 0 8952 41720 76 7 [33060, 65448, 65449, 65496, 65497, 65498, 65499] 
182.137 33060 1 0 0 0 0 8952 41720 76 7 [33060, 65448, 65449, 65496, 65497, 65498, 65499] 
183.137 33060 1 0 0 0 0 8952 41720 76 7 [33060, 65448, 65449, 65496, 65497, 65498, 65499] 
184.137 33060 1 0 0 0 0 8952 41720 76 7 [33060, 65448, 65449, 65496, 65497, 65498, 65499] 
185.148 33060 1 0 0 0 0 8952 41720 76 7 [33060, 65448, 65449, 65496, 65497, 65498, 65499] 
186.163 33060 1 0 0 0 0 8952 41720 76 7 [33060, 65448, 65449, 65496, 65497, 65498, 65499] 
187.163 33060 1 0 0 0 0 8952 41720 76 7 [33060, 65448, 65449, 65496, 65497, 65498, 65499] 
188.163 33060 1 0 0 0 0 8952 41720 76 7 [33060, 65448, 65449, 65496, 65497, 65498, 65499] 
189.164 33060 1 0 0 0 0 8952 41720 76 7 [33060, 65448, 65449, 65496, 65497, 65498, 65499] 
190.164 33060 1 0 0 0 0 8952 41720 76 7 [33060, 65448, 65449, 65496, 65497, 65498, 65499] 
191.191 33060 1 0 0 0 0 8952 41720 76 7 [33060, 65448, 65449, 65496, 65497, 65498, 65499] 
192.191 33060 1 0 0 0 0 8952 41720 76 7 [33060, 65448, 65449, 65496, 65497, 65498, 65499] 
193.191 33060 1 0 0 0 0 8952 41720 76 7 [33060, 65448, 65449, 65496, 65497, 65498, 65499] 
194.196 33060 1 0 0 0 0 8952 41720 76 7 [33060, 65448, 65449, 65496, 65497, 65498, 65499] 
195.196 33060 1 0 0 0 0 8952 41720 76 7 [33060, 65448, 65449, 65496, 65497, 65498, 65499] 
196.196 33060 1 0 0 0 0 8952 41720 76 7 [33060, 65448, 65449, 65496, 65497, 65498, 65499] 
197.196 33060 1 0 0 0 0 8952 41720 76 7 [33060, 65448, 65449, 65496, 65497, 65498, 65499] 
198.219 33060 1 0 0 0 0 8952 41720 76 7 [33060, 65448, 65449, 65496, 65497, 65498, 65499] 
199.219 33060 1 0 0 0 0 8952 41720 76 7 [33060, 65448, 65449, 65496, 65497, 65498, 65499] 
200.222 33060 1 0 0 0 0 8952 41720 76 7 [33060, 65448, 65449, 65496, 65497, 65498, 65499] 
201.222 33060 1 0 0 0 0 8952 41720 76 7 [33060, 65448, 65449, 65496, 65497, 65498, 65499] 
202.236 33060 1 0 0 0 0 8952 41720 76 7 [33060, 65448, 65449, 65496, 65497, 65498, 65499] 
203.236 33060 1 0 0 0 0 8952 41720 76 7 [33060, 65448, 65449, 65496, 65497, 65498, 65499] 
204.236 33060 1 0 0 0 0 8952 41720 76 7 [33060, 65448, 65449, 65496, 65497, 65498, 65499] 
205.236 33060 1 0 0 0 0 8952 41720 76 7 [33060, 65448, 65449, 65496, 65497, 65498, 65499] 
206.256 33060 1 0 0 0 0 8952 41720 76 7 [33060, 65448, 65449, 65496, 65497, 65498, 65499] 
207.263 33060 1 0 0 0 0 8952 41720 76 7 [33060, 65448, 65449, 65496, 65497, 65498, 65499] 
208.264 33060 1 0 0 0 0 8952 41720 76 7 [33060, 65448, 65449, 65496, 65497, 65498, 65499] 
209.269 33060 1 0 0 0 0 8952 41720 76 7 [33060, 65448, 65449, 65496, 65497, 65498, 65499] 
210.276 33060 1 0 0 0 0 8952 41720 76 7 [33060, 65448, 65449, 65496, 65497, 65498, 65499] 
211.276 33060 1 0 0 0 0 8952 41720 76 7 [33060, 65448, 65449, 65496, 65497, 65498, 65499] 
212.276 33060 1 0 0 0 0 8952 41720 76 7 [33060, 65448, 65449, 65496, 65497, 65498, 65499] 
213.284 33060 1 0 0 0 0 8952 41720 76 7 [33060, 65448, 65449, 65496, 65497, 65498, 65499] 
214.289 33060 1 0 0 0 0 8952 41720 76 7 [33060, 65448, 65449, 65496, 65497, 65498, 65499] 
215.293 33060 1 0 0 0 0 8952 41720 76 7 [33060, 65448, 65449, 65496, 65497, 65498, 65499] 
216.293 33060 1 0 0 0 0 8952 41720 76 7 [33060, 65448, 65449, 65496, 65497, 65498, 65499] 
217.305 33060 1 0 0 0 0 8952 41720 76 7 [33060, 65448, 65449, 65496, 65497, 65498, 65499] 
218.309 33060 1 0 0 0 0 8952 41720 76 7 [33060, 65448, 65449, 65496, 65497, 65498, 65499] 
219.309 33060 1 0 0 0 0 8952 41720 76 7 [33060, 65448, 65449, 65496, 65497, 65498, 65499] 
220.309 33060 1 0 0 0 0 8952 41720 76 6 [33060, 65448, 65449, 65496, 65498, 65499] 
221.309 33060 1 0 0 0 0 8952 41720 76 6 [33060, 65448, 65449, 65496, 65498, 65499] 
222.321 33060 1 0 0 0 0 8952 41720 76 7 [33060, 65448, 65449, 65496, 65497, 65498, 65499] 
223.321 33060 1 0 0 0 0 8952 41720 76 7 [33060, 65448, 65449, 65496, 65497, 65498, 65499] 
224.323 33060 1 0 0 0 0 8952 41720 76 7 [33060, 65448, 65449, 65496, 65497, 65498, 65499] 
225.323 33060 1 0 0 0 0 8952 41720 76 7 [33060, 65448, 65449, 65496, 65497, 65498, 65499] 
226.323 33060 1 0 0 0 0 8952 41720 76 7 [33060, 65448, 65449, 65496, 65497, 65498, 65499] 
227.323 33060 2 0 0 0 0 8952 41720 76 6 [65448, 65449, 65496, 65497, 65498, 65499] 
228.325 33060 2 0 0 0 0 8952 41720 76 6 [65448, 65449, 65496, 65497, 65498, 65499] 
229.337 33060 3 0 0 0 0 8952 41720 76 6 [65448, 65449, 65496, 65497, 65498, 65499] 
230.337 33060 3 0 0 0 0 8952 41720 76 6 [65448, 65449, 65496, 65497, 65498, 65499] 
231.341 33060 1 0 1 0 0 8952 41720 76 7 [33060, 65448, 65449, 65496, 65497, 65498, 65499] 
232.346 33060 1 0 1 0 0 8952 41720 76 7 [33060, 65448, 65449, 65496, 65497, 65498, 65499] 
233.349 33060 1 0 1 0 0 8952 41720 76 7 [33060, 65448, 65449, 65496, 65497, 65498, 65499] 
234.353 33060 1 0 1 0 0 8952 41720 76 7 [33060, 65448, 65449, 65496, 65497, 65498, 65499] 
235.353 33060 1 0 1 0 0 8952 41720 76 7 [33060, 65448, 65449, 65496, 65497, 65498, 65499] 
236.353 33060 1 0 1 0 0 8952 41720 76 7 [33060, 65448, 65449, 65496, 65497, 65498, 65499] 
237.355 33060 1 0 1 0 0 8952 41720 76 7 [33060, 65448, 65449, 65496, 65497, 65498, 65499] 
238.355 33060 1 0 1 0 0 8952 41720 76 7 [33060, 65448, 65449, 65496, 65497, 65498, 65499] 
239.358 33060 1 0 1 0 0 8952 41720 76 7 [33060, 65448, 65449, 65496, 65497, 65498, 65499] 
240.36 33060 1 0 1 0 0 8952 41720 76 7 [33060, 65448, 65449, 65496, 65497, 65498, 65499] 
241.36 33060 1 0 1 0 0 8952 41720 76 7 [33060, 65448, 65449, 65496, 65497, 65498, 65499] 
242.36 33060 1 0 1 0 0 8952 41720 76 7 [33060, 65448, 65449, 65496, 65497, 65498, 65499] 
243.372 33060 1 0 1 0 0 8952 41720 76 7 [33060, 65448, 65449, 65496, 65497, 65498, 65499] 
244.372 33060 1 0 1 0 0 8952 41720 76 7 [33060, 65448, 65449, 65496, 65497, 65498, 65499] 
245.376 33060 1 0 1 0 0 8952 41720 76 7 [33060, 65448, 65449, 65496, 65497, 65498, 65499] 
246.376 33060 1 0 1 0 0 8952 41720 76 7 [33060, 65448, 65449, 65496, 65497, 65498, 65499] 
247.376 33060 1 0 1 0 0 8952 41720 76 7 [33060, 65448, 65449, 65496, 65497, 65498, 65499] 
248.38 33060 1 0 1 0 0 8952 41720 76 7 [33060, 65448, 65449, 65496, 65497, 65498, 65499] 
249.388 33060 1 0 1 0 0 8952 41720 76 7 [33060, 65448, 65449, 65496, 65497, 65498, 65499] 
250.388 33060 1 0 1 0 0 8952 41720 76 7 [33060, 65448, 65449, 65496, 65497, 65498, 65499] 
251.388 33060 1 0 1 0 0 8952 41720 76 6 [33060, 65448, 65496, 65497, 65498, 65499] 
252.388 33060 1 0 1 0 0 8952 41720 76 6 [33060, 65448, 65496, 65497, 65498, 65499] 
253.388 33060 1 0 1 0 0 8952 41720 76 6 [33060, 65448, 65496, 65497, 65498, 65499] 
254.388 33060 1 0 0 0 0 8952 41720 76 6 [33060, 65448, 65496, 65497, 65498, 65499] 
255.388 33060 1 0 0 0 0 8952 41720 76 6 [33060, 65448, 65496, 65497, 65498, 65499] 
256.39 33060 1 0 0 0 0 8952 41720 76 6 [33060, 65448, 65496, 65497, 65498, 65499] 
257.404 33060 1 0 0 0 0 8952 41720 76 6 [33060, 65448, 65496, 65497, 65498, 65499] 
258.408 33060 1 0 0 0 0 8952 41720 76 6 [33060, 65448, 65496, 65497, 65498, 65499] 
259.408 33060 1 0 0 0 0 8952 41720 76 6 [33060, 65448, 65496, 65497, 65498, 65499] 
260.408 33060 1 0 0 0 0 8952 41720 76 6 [33060, 65448, 65496, 65497, 65498, 65499] 
261.408 33060 1 0 0 0 0 8952 41720 76 6 [33060, 65448, 65496, 65497, 65498, 65499] 
262.408 33060 1 0 1 0 0 8952 41720 76 6 [33060, 65448, 65496, 65497, 65498, 65499] 
263.408 33060 1 0 0 0 0 8952 41720 76 6 [33060, 65448, 65496, 65497, 65498, 65499] 
264.411 33060 1 0 0 0 0 8952 41720 76 6 [33060, 65448, 65496, 65497, 65498, 65499] 
265.414 33060 1 0 0 0 0 8952 41720 76 6 [33060, 65448, 65496, 65497, 65498, 65499] 
266.414 33060 1 0 0 0 0 8952 41720 76 6 [33060, 65448, 65496, 65497, 65498, 65499] 
267.419 33060 1 0 0 0 0 8952 41720 76 6 [33060, 65448, 65496, 65497, 65498, 65499] 
268.419 33060 1 0 0 0 0 8952 41720 76 6 [33060, 65448, 65496, 65497, 65498, 65499] 
269.423 33060 1 0 1 0 0 8952 41720 76 6 [33060, 65448, 65496, 65497, 65498, 65499] 
270.424 33060 1 0 0 0 0 8952 41720 76 6 [33060, 65448, 65496, 65497, 65498, 65499] 
271.424 33060 1 0 0 0 0 8952 41720 76 6 [33060, 65448, 65496, 65497, 65498, 65499] 
272.425 33060 1 0 0 0 0 8952 41720 76 6 [33060, 65448, 65496, 65497, 65498, 65499] 
273.425 33060 1 0 0 0 0 8952 41720 76 6 [33060, 65448, 65496, 65497, 65498, 65499] 
274.426 33060 1 0 0 0 0 8952 41720 76 6 [33060, 65448, 65496, 65497, 65498, 65499] 
275.426 33060 1 0 0 0 0 8952 41720 76 6 [33060, 65448, 65496, 65497, 65498, 65499] 
276.438 33060 1 0 0 0 0 8952 41720 76 6 [33060, 65448, 65496, 65497, 65498, 65499] 
277.441 33060 1 0 0 0 0 8952 41720 76 6 [33060, 65448, 65496, 65497, 65498, 65499] 
278.441 33060 1 0 0 0 0 8952 41720 76 6 [33060, 65448, 65496, 65497, 65498, 65499] 
279.441 33060 1 0 0 0 0 8952 41720 76 6 [33060, 65448, 65496, 65497, 65498, 65499] 
280.448 33060 1 0 0 0 0 8952 41720 76 6 [33060, 65448, 65496, 65497, 65498, 65499] 
281.448 33060 1 0 1 0 0 8952 41720 76 6 [33060, 65448, 65496, 65497, 65498, 65499] 
282.455 33060 1 0 1 0 0 8952 41720 76 6 [33060, 65448, 65496, 65497, 65498, 65499] 
283.455 33060 1 0 1 0 0 8952 41720 76 6 [33060, 65448, 65496, 65497, 65498, 65499] 
284.455 33060 1 0 1 0 0 8952 41720 76 6 [33060, 65448, 65496, 65497, 65498, 65499] 
285.455 33060 1 0 1 0 0 8952 41720 76 6 [33060, 65448, 65496, 65497, 65498, 65499] 
286.455 33060 1 0 1 0 0 8952 41720 76 6 [33060, 65448, 65496, 65497, 65498, 65499] 
287.455 33060 1 0 1 0 0 8952 41720 76 6 [33060, 65448, 65496, 65497, 65498, 65499] 
288.455 33060 1 0 1 0 0 8952 41720 76 6 [33060, 65448, 65496, 65497, 65498, 65499] 
289.455 33060 1 0 1 0 0 8952 41720 76 6 [33060, 65448, 65496, 65497, 65498, 65499] 
290.456 33060 1 0 1 0 0 8952 41720 76 6 [33060, 65448, 65496, 65497, 65498, 65499] 
291.463 33060 1 0 1 0 0 8952 41720 76 6 [33060, 65448, 65496, 65497, 65498, 65499] 
292.465 33060 1 0 1 0 0 8952 41720 76 6 [33060, 65448, 65496, 65497, 65498, 65499] 
293.466 33060 1 0 1 0 0 8952 41720 76 6 [33060, 65448, 65496, 65497, 65498, 65499] 
294.466 33060 1 0 1 0 0 8952 41720 76 6 [33060, 65448, 65496, 65497, 65498, 65499] 
295.466 33060 1 0 1 0 0 8952 41720 76 6 [33060, 65448, 65496, 65497, 65498, 65499] 
296.469 33060 1 0 1 0 0 8952 41720 76 6 [33060, 65448, 65496, 65497, 65498, 65499] 
297.469 33060 1 0 1 0 0 8952 41720 76 6 [33060, 65448, 65496, 65497, 65498, 65499] 
298.469 33060 1 0 1 0 0 8952 41720 76 6 [33060, 65448, 65496, 65497, 65498, 65499] 
299.469 33060 1 0 1 0 0 8952 41720 76 6 [33060, 65448, 65496, 65497, 65498, 65499] 
300.469 33060 1 0 1 0 0 8952 41720 76 6 [33060, 65448, 65496, 65497, 65498, 65499] 
301.474 33060 1 0 1 0 0 8952 41720 76 6 [33060, 65448, 65496, 65497, 65498, 65499] 
302.474 33060 1 0 1 0 0 8952 41720 76 6 [33060, 65448, 65496, 65497, 65498, 65499] 
303.474 33060 1 0 1 0 0 8952 41720 76 6 [33060, 65448, 65496, 65497, 65498, 65499] 
304.481 33060 1 0 1 0 0 8952 41720 76 6 [33060, 65448, 65496, 65497, 65498, 65499] 
305.481 33060 1 0 1 0 0 8952 41720 76 6 [33060, 65448, 65496, 65497, 65498, 65499] 
306.481 33060 1 0 1 0 0 8952 41720 76 6 [33060, 65448, 65496, 65497, 65498, 65499] 
307.481 33060 1 0 0 0 0 8952 41720 76 6 [33060, 65448, 65496, 65497, 65498, 65499] 
308.499 33060 1 0 0 0 0 8952 41720 76 6 [33060, 65448, 65496, 65497, 65498, 65499] 
309.499 33060 1 0 0 0 0 8952 41720 76 6 [33060, 65448, 65496, 65497, 65498, 65499] 
310.506 33060 1 0 0 0 0 8952 41720 76 6 [33060, 65448, 65496, 65497, 65498, 65499] 
311.506 33060 1 0 0 0 0 8952 41720 76 6 [33060, 65448, 65496, 65497, 65498, 65499] 
312.506 33060 1 0 0 0 0 8952 41720 76 6 [33060, 65448, 65496, 65497, 65498, 65499] 
313.506 33060 1 0 0 0 0 8952 41720 76 6 [33060, 65448, 65496, 65497, 65498, 65499] 
314.506 33060 1 0 0 0 0 8952 41720 76 6 [33060, 65448, 65496, 65497, 65498, 65499] 
315.506 33060 1 0 0 0 0 8952 41720 76 6 [33060, 65448, 65496, 65497, 65498, 65499] 
316.512 33060 1 0 1 0 0 8952 41720 76 6 [33060, 65448, 65496, 65497, 65498, 65499] 
317.512 33060 1 0 1 0 0 8952 41720 76 6 [33060, 65448, 65496, 65497, 65498, 65499] 
318.513 33060 1 0 1 0 0 8952 41720 76 6 [33060, 65448, 65496, 65497, 65498, 65499] 
319.513 33060 1 0 1 0 0 8952 41720 76 6 [33060, 65448, 65496, 65497, 65498, 65499] 
320.513 33060 1 0 1 0 0 8952 41720 76 6 [33060, 65448, 65496, 65497, 65498, 65499] 
321.513 33060 1 0 1 0 0 8952 41720 76 6 [33060, 65448, 65496, 65497, 65498, 65499] 
322.513 33060 1 0 1 0 0 8952 41720 76 6 [33060, 65448, 65496, 65497, 65498, 65499] 
323.513 33060 1 0 1 0 0 8952 41720 76 6 [33060, 65448, 65496, 65497, 65498, 65499] 
324.513 33060 1 0 1 0 0 8952 41720 76 6 [33060, 65448, 65496, 65497, 65498, 65499] 
325.522 33060 1 0 1 0 0 8952 41720 76 6 [33060, 65448, 65496, 65497, 65498, 65499] 
326.522 33060 1 0 1 0 0 8952 41720 76 6 [33060, 65448, 65496, 65497, 65498, 65499] 
327.522 33060 1 0 1 0 0 8952 41720 76 6 [33060, 65448, 65496, 65497, 65498, 65499] 
328.522 33060 1 0 1 0 0 8952 41720 76 6 [33060, 65448, 65496, 65497, 65498, 65499] 
329.522 33060 1 0 1 0 0 8952 41720 76 6 [33060, 65448, 65496, 65497, 65498, 65499] 
330.522 33060 1 0 1 0 0 8952 41720 76 6 [33060, 65448, 65496, 65497, 65498, 65499] 
331.523 33060 1 0 1 0 0 8952 41720 76 6 [33060, 65448, 65496, 65497, 65498, 65499] 
332.53 33060 1 0 1 0 0 8952 41720 76 6 [33060, 65448, 65496, 65497, 65498, 65499] 
333.53 33060 1 0 1 0 0 8952 41720 76 6 [33060, 65448, 65496, 65497, 65498, 65499] 
334.538 33060 1 0 1 0 0 8952 41720 76 6 [33060, 65448, 65496, 65497, 65498, 65499] 
335.538 33060 1 0 1 0 0 8952 41720 76 6 [33060, 65448, 65496, 65497, 65498, 65499] 
336.538 33060 1 0 1 0 0 8952 41720 76 6 [33060, 65448, 65496, 65497, 65498, 65499] 
337.544 33060 1 0 1 0 0 8952 41720 76 6 [33060, 65448, 65496, 65497, 65498, 65499] 
338.544 33060 1 0 1 0 0 8952 41720 76 6 [33060, 65448, 65496, 65497, 65498, 65499] 
339.544 33060 1 0 1 0 0 8952 41720 76 6 [33060, 65448, 65496, 65497, 65498, 65499] 
340.544 33060 1 0 1 0 0 8952 41720 76 6 [33060, 65448, 65496, 65497, 65498, 65499] 
341.544 33060 1 0 1 0 0 8952 41720 76 6 [33060, 65448, 65496, 65497, 65498, 65499] 
342.548 33060 1 0 1 0 0 8952 41720 76 6 [33060, 65448, 65496, 65497, 65498, 65499] 
343.555 33060 1 0 1 0 0 8952 41720 76 6 [33060, 65448, 65496, 65497, 65498, 65499] 
344.555 33060 1 0 1 0 0 8952 41720 76 6 [33060, 65448, 65496, 65497, 65498, 65499] 
345.559 33060 1 0 1 0 0 8952 41720 76 6 [33060, 65448, 65496, 65497, 65498, 65499] 
346.562 33060 1 0 1 0 0 8952 41720 76 6 [33060, 65448, 65496, 65497, 65498, 65499] 
347.562 33060 1 0 1 0 0 8952 41720 76 6 [33060, 65448, 65496, 65497, 65498, 65499] 
348.562 33060 1 0 1 0 0 8952 41720 76 6 [33060, 65448, 65496, 65497, 65498, 65499] 
349.566 33060 1 0 0 0 0 8952 41720 76 6 [33060, 65448, 65496, 65497, 65498, 65499] 
350.567 33060 1 0 0 0 0 8952 41720 76 6 [33060, 65448, 65496, 65497, 65498, 65499] 
351.567 33060 1 0 0 0 0 8952 41720 76 5 [33060, 65448, 65496, 65497, 65499] 
352.567 33060 1 0 0 0 0 8952 41720 76 5 [33060, 65448, 65496, 65497, 65499] 
353.57 33060 1 0 0 0 0 8952 41720 76 5 [33060, 65448, 65496, 65497, 65499] 
354.57 33060 1 0 0 0 0 8952 41720 76 5 [33060, 65448, 65496, 65497, 65499] 
355.57 33060 1 0 0 0 0 8952 41720 76 5 [33060, 65448, 65496, 65497, 65499] 
356.572 33060 1 0 0 0 0 8952 41720 76 5 [33060, 65448, 65496, 65497, 65499] 
357.579 33060 1 0 0 0 0 8952 41720 76 5 [33060, 65448, 65496, 65497, 65499] 
358.58 33060 1 0 0 0 0 8952 41720 76 5 [33060, 65448, 65496, 65497, 65499] 
359.58 33060 1 0 0 0 0 8952 41720 76 5 [33060, 65448, 65496, 65497, 65499] 
360.58 33060 1 0 0 0 0 8952 41720 76 5 [33060, 65448, 65496, 65497, 65499] 
361.581 33060 1 0 0 0 0 8952 41720 76 5 [33060, 65448, 65496, 65497, 65499] 
362.584 33060 1 0 0 0 0 8952 41720 76 5 [33060, 65448, 65496, 65497, 65499] 
363.584 33060 1 0 0 0 0 8952 41720 76 5 [33060, 65448, 65496, 65497, 65499] 
364.585 33060 1 0 0 0 0 8952 41720 76 5 [33060, 65448, 65496, 65497, 65499] 
365.593 33060 1 0 0 0 0 8952 41720 76 5 [33060, 65448, 65496, 65497, 65499] 
366.593 33060 1 0 0 0 0 8952 41720 76 5 [33060, 65448, 65496, 65497, 65499] 
367.594 33060 1 0 0 0 0 8952 41720 76 5 [33060, 65448, 65496, 65497, 65499] 
368.595 33060 1 0 0 0 0 8952 41720 76 5 [33060, 65448, 65496, 65497, 65499] 
369.601 33060 1 0 0 0 0 8952 41720 76 5 [33060, 65448, 65496, 65497, 65499] 
370.601 33060 1 0 0 0 0 8952 41720 76 6 [33060, 65448, 65496, 65497, 65498, 65499] 
371.602 33060 1 0 0 0 0 8952 41720 76 6 [33060, 65448, 65496, 65497, 65498, 65499] 
372.602 33060 1 0 0 0 0 8952 41720 76 6 [33060, 65448, 65496, 65497, 65498, 65499] 
373.602 33060 1 0 0 0 0 8952 41720 76 6 [33060, 65448, 65496, 65497, 65498, 65499] 
374.602 33060 1 0 1 0 0 8952 41720 76 6 [33060, 65448, 65496, 65497, 65498, 65499] 
375.602 33060 1 0 1 0 0 8952 41720 76 6 [33060, 65448, 65496, 65497, 65498, 65499] 
376.602 33060 1 0 1 0 0 8952 41720 76 6 [33060, 65448, 65496, 65497, 65498, 65499] 
377.602 33060 1 0 0 0 0 8952 41720 76 6 [33060, 65448, 65496, 65497, 65498, 65499] 
378.602 33060 1 0 0 0 0 8952 41720 76 6 [33060, 65448, 65496, 65497, 65498, 65499] 
379.602 33060 1 0 0 0 0 8952 41720 76 5 [33060, 65448, 65496, 65497, 65499] 
380.602 33060 1 0 0 0 0 8952 41720 76 5 [33060, 65448, 65496, 65497, 65499] 
381.602 33060 1 0 0 0 0 8952 41720 76 5 [33060, 65448, 65496, 65497, 65499] 
382.611 33060 1 0 0 0 0 8952 41720 76 5 [33060, 65448, 65496, 65497, 65499] 
383.611 33060 1 0 0 0 0 8952 41720 76 5 [33060, 65448, 65496, 65497, 65499] 
384.611 33060 1 0 1 0 0 8952 41720 76 5 [33060, 65448, 65496, 65497, 65499] 
385.611 33060 1 0 1 0 0 8952 41720 76 5 [33060, 65448, 65496, 65497, 65499] 
386.611 33060 1 0 0 0 0 8952 41720 76 5 [33060, 65448, 65496, 65497, 65499] 
387.611 33060 1 0 0 0 0 8952 41720 76 5 [33060, 65448, 65496, 65497, 65499] 
388.616 33060 1 0 0 0 0 8952 41720 76 5 [33060, 65448, 65496, 65497, 65499] 
389.616 33060 1 0 0 0 0 8952 41720 76 5 [33060, 65448, 65496, 65497, 65499] 
390.623 33060 1 0 0 0 0 8952 41720 76 5 [33060, 65448, 65496, 65497, 65499] 
391.623 33060 1 0 0 0 0 8952 41720 76 5 [33060, 65448, 65496, 65497, 65499] 
392.623 33060 1 0 1 0 0 8952 41720 76 5 [33060, 65448, 65496, 65497, 65499] 
393.623 33060 1 0 1 0 0 8952 41720 76 5 [33060, 65448, 65496, 65497, 65499] 
394.623 33060 1 0 1 0 0 8952 41720 76 5 [33060, 65448, 65496, 65497, 65499] 
395.623 33060 1 0 1 0 0 8952 41720 76 5 [33060, 65448, 65496, 65497, 65499] 
396.623 33060 1 0 1 0 0 8952 41720 76 5 [33060, 65448, 65496, 65497, 65499] 
397.623 33060 1 0 1 0 0 8952 41720 76 5 [33060, 65448, 65496, 65497, 65499] 
398.623 33060 1 0 1 0 0 8952 41720 76 5 [33060, 65448, 65496, 65497, 65499] 
399.623 33060 1 0 1 0 0 8952 41720 76 5 [33060, 65448, 65496, 65497, 65499] 
400.623 33060 1 0 1 0 0 8952 41720 76 5 [33060, 65448, 65496, 65497, 65499] 
401.623 33060 1 0 1 0 0 8952 41720 76 5 [33060, 65448, 65496, 65497, 65499] 
402.623 33060 1 0 0 0 0 8952 41720 76 5 [33060, 65448, 65496, 65497, 65499] 
403.623 33060 1 0 0 0 0 8952 41720 76 5 [33060, 65448, 65496, 65497, 65499] 
404.635 33060 1 0 0 0 0 8952 41720 76 5 [33060, 65448, 65496, 65497, 65499] 
405.635 33060 1 0 0 0 0 8952 41720 76 5 [33060, 65448, 65496, 65497, 65499] 
406.635 33060 1 0 0 0 0 8952 41720 76 5 [33060, 65448, 65496, 65497, 65499] 
407.635 33060 1 0 0 0 0 8952 41720 76 5 [33060, 65448, 65496, 65497, 65499] 
408.635 33060 1 0 0 0 0 8952 41720 76 5 [33060, 65448, 65496, 65497, 65499] 
409.635 33060 1 0 1 0 0 8952 41720 76 4 [33060, 65448, 65496, 65499] 
410.635 33060 1 0 1 0 0 8952 41720 76 4 [33060, 65448, 65496, 65499] 
411.635 33060 1 0 1 0 0 8952 41720 76 4 [33060, 65448, 65496, 65499] 
412.635 33060 1 0 1 0 0 8952 41720 76 4 [33060, 65448, 65496, 65499] 
413.637 33060 1 0 1 0 0 8952 41720 76 4 [33060, 65448, 65496, 65499] 
414.637 33060 1 0 1 0 0 8952 41720 76 4 [33060, 65448, 65496, 65499] 
415.637 33060 1 0 0 0 0 8952 41720 76 4 [33060, 65448, 65496, 65499] 
416.637 33060 1 0 0 0 0 8952 41720 76 4 [33060, 65448, 65496, 65499] 
417.637 33060 1 0 0 0 0 8952 41720 76 4 [33060, 65448, 65496, 65499] 
418.637 33060 1 0 0 0 0 8952 41720 76 4 [33060, 65448, 65496, 65499] 
419.638 33060 1 0 0 0 0 8952 41720 76 4 [33060, 65448, 65496, 65499] 
420.638 33060 1 0 0 0 0 8952 41720 76 4 [33060, 65448, 65496, 65499] 
421.638 33060 1 0 0 0 0 8952 41720 76 4 [33060, 65448, 65496, 65499] 
422.638 33060 1 0 0 0 0 8952 41720 76 4 [33060, 65448, 65496, 65499] 
423.638 33060 1 0 0 0 0 8952 41720 76 4 [33060, 65448, 65496, 65499] 
424.638 33060 1 0 0 0 0 8952 41720 76 4 [33060, 65448, 65496, 65499] 
425.638 33060 1 0 1 0 0 8952 41720 76 4 [33060, 65448, 65496, 65499] 
426.638 33060 1 0 1 0 0 8952 41720 76 4 [33060, 65448, 65496, 65499] 
427.638 33060 1 0 1 0 0 8952 41720 76 4 [33060, 65448, 65496, 65499] 
428.638 33060 1 0 1 0 0 8952 41720 76 4 [33060, 65448, 65496, 65499] 
429.638 33060 1 0 1 0 0 8952 41720 76 4 [33060, 65448, 65496, 65499] 
430.638 33060 1 0 1 0 0 8952 41720 76 4 [33060, 65448, 65496, 65499] 
431.638 33060 1 0 1 0 0 8952 41720 76 4 [33060, 65448, 65496, 65499] 
432.638 33060 1 0 1 0 0 8952 41720 76 4 [33060, 65448, 65496, 65499] 
433.638 33060 1 0 1 0 0 8952 41720 76 4 [33060, 65448, 65496, 65499] 
434.638 33060 1 0 1 0 0 8952 41720 76 4 [33060, 65448, 65496, 65499] 
435.638 33060 1 0 1 0 0 8952 41720 76 4 [33060, 65448, 65496, 65499] 
436.638 33060 1 0 1 0 0 8952 41720 76 4 [33060, 65448, 65496, 65499] 
437.638 33060 1 0 1 0 0 8952 41720 76 4 [33060, 65448, 65496, 65499] 
438.638 33060 1 0 1 0 0 8952 41720 76 4 [33060, 65448, 65496, 65499] 
439.638 33060 1 0 1 0 0 8952 41720 76 4 [33060, 65448, 65496, 65499] 
440.639 33060 1 0 1 0 0 8952 41720 76 4 [33060, 65448, 65496, 65499] 
441.639 33060 1 0 1 0 0 8952 41720 76 4 [33060, 65448, 65496, 65499] 
442.641 33060 1 0 1 0 0 8952 41720 76 4 [33060, 65448, 65496, 65499] 
443.641 33060 1 0 1 0 0 8952 41720 76 4 [33060, 65448, 65496, 65499] 
444.641 33060 1 0 1 0 0 8952 41720 76 4 [33060, 65448, 65496, 65499] 
445.641 33060 1 0 1 0 0 8952 41720 76 4 [33060, 65448, 65496, 65499] 
446.641 33060 1 0 1 0 0 8952 41720 76 4 [33060, 65448, 65496, 65499] 
447.642 33060 1 0 1 0 0 8952 41720 76 4 [33060, 65448, 65496, 65499] 
448.642 33060 1 0 1 0 0 8952 41720 76 4 [33060, 65448, 65496, 65499] 
449.65 33060 1 0 1 0 0 8952 41720 76 4 [33060, 65448, 65496, 65499] 
450.65 33060 1 0 1 0 0 8952 41720 76 4 [33060, 65448, 65496, 65499] 
451.65 33060 1 0 1 0 0 8952 41720 76 4 [33060, 65448, 65496, 65499] 
452.65 33060 1 0 1 0 0 8952 41720 76 4 [33060, 65448, 65496, 65499] 
453.65 33060 1 0 1 0 0 8952 41720 76 4 [33060, 65448, 65496, 65499] 
454.65 33060 1 0 1 0 0 8952 41720 76 4 [33060, 65448, 65496, 65499] 
455.65 33060 1 0 1 0 0 8952 41720 76 4 [33060, 65448, 65496, 65499] 
456.65 33060 1 0 1 0 0 8952 41720 76 4 [33060, 65448, 65496, 65499] 
457.65 33060 1 0 1 0 0 8952 41720 76 4 [33060, 65448, 65496, 65499] 
458.65 33060 1 0 1 0 0 8952 41720 76 4 [33060, 65448, 65496, 65499] 
459.65 33060 1 0 1 0 0 8952 41720 76 4 [33060, 65448, 65496, 65499] 
460.65 33060 1 0 1 0 0 8952 41720 76 4 [33060, 65448, 65496, 65499] 
461.65 33060 1 0 1 0 0 8952 41720 76 4 [33060, 65448, 65496, 65499] 
462.65 33060 1 0 1 0 0 8952 41720 76 4 [33060, 65448, 65496, 65499] 
463.65 33060 1 0 1 0 0 8952 41720 76 4 [33060, 65448, 65496, 65499] 
464.65 33060 1 0 1 0 0 8952 41720 76 4 [33060, 65448, 65496, 65499] 
465.65 33060 1 0 1 0 0 8952 41720 76 4 [33060, 65448, 65496, 65499] 
466.659 33060 1 0 1 0 0 8952 41720 76 4 [33060, 65448, 65496, 65499] 
467.659 33060 1 0 1 0 0 8952 41720 76 4 [33060, 65448, 65496, 65499] 
468.659 33060 1 0 1 0 0 8952 41720 76 4 [33060, 65448, 65496, 65499] 
469.659 33060 1 0 1 0 0 8952 41720 76 4 [33060, 65448, 65496, 65499] 
470.659 33060 1 0 1 0 0 8952 41720 76 4 [33060, 65448, 65496, 65499] 
471.659 33060 1 0 1 0 0 8952 41720 76 4 [33060, 65448, 65496, 65499] 
472.659 33060 1 0 1 0 0 8952 41720 76 4 [33060, 65448, 65496, 65499] 
473.659 33060 1 0 1 0 0 8952 41720 76 4 [33060, 65448, 65496, 65499] 
474.659 33060 1 0 1 0 0 8952 41720 76 4 [33060, 65448, 65496, 65499] 
475.659 33060 1 0 1 0 0 8952 41720 76 4 [33060, 65448, 65496, 65499] 
476.659 33060 1 0 1 0 0 8952 41720 76 4 [33060, 65448, 65496, 65499] 
477.659 33060 1 0 1 0 0 8952 41720 76 4 [33060, 65448, 65496, 65499] 
478.659 33060 1 0 1 0 0 8952 41720 76 4 [33060, 65448, 65496, 65499] 
479.659 33060 1 0 1 0 0 8952 41720 76 4 [33060, 65448, 65496, 65499] 
480.659 33060 1 0 1 0 0 8952 41720 76 4 [33060, 65448, 65496, 65499] 
481.659 33060 1 0 1 0 0 8952 41720 76 4 [33060, 65448, 65496, 65499] 
482.659 33060 1 0 1 0 0 8952 41720 76 4 [33060, 65448, 65496, 65499] 
483.659 33060 1 0 1 0 0 8952 41720 76 4 [33060, 65448, 65496, 65499] 
484.659 33060 1 0 1 0 0 8952 41720 76 4 [33060, 65448, 65496, 65499] 
485.659 33060 1 0 1 0 0 8952 41720 76 4 [33060, 65448, 65496, 65499] 
486.659 33060 1 0 1 0 0 8952 41720 76 4 [33060, 65448, 65496, 65499] 
487.659 33060 1 0 1 0 0 8952 41720 76 4 [33060, 65448, 65496, 65499] 
488.659 33060 1 0 1 0 0 8952 41720 76 4 [33060, 65448, 65496, 65499] 
489.659 33060 1 0 1 0 0 8952 41720 76 4 [33060, 65448, 65496, 65499] 
490.659 33060 1 0 1 0 0 8952 41720 76 4 [33060, 65448, 65496, 65499] 
491.659 33060 1 0 1 0 0 8952 41720 76 4 [33060, 65448, 65496, 65499] 
492.659 33060 1 0 1 0 0 8952 41720 76 4 [33060, 65448, 65496, 65499] 
493.659 33060 1 0 1 0 0 8952 41720 76 4 [33060, 65448, 65496, 65499] 
494.659 33060 1 0 1 0 0 8952 41720 76 4 [33060, 65448, 65496, 65499] 
495.659 33060 1 0 1 0 0 8952 41720 76 4 [33060, 65448, 65496, 65499] 
496.659 33060 1 0 1 0 0 8952 41720 76 4 [33060, 65448, 65496, 65499] 
497.659 33060 1 0 1 0 0 8952 41720 76 4 [33060, 65448, 65496, 65499] 
498.663 33060 1 0 1 0 0 8952 41720 76 4 [33060, 65448, 65496, 65499] 
499.663 33060 1 0 1 0 0 8952 41720 76 4 [33060, 65448, 65496, 65499] 
500.663 33060 1 0 1 0 0 8952 41720 76 4 [33060, 65448, 65496, 65499] 
501.663 33060 1 0 1 0 0 8952 41720 76 4 [33060, 65448, 65496, 65499] 
502.663 33060 1 0 1 0 0 8952 41720 76 4 [33060, 65448, 65496, 65499] 
503.663 33060 1 0 1 0 0 8952 41720 76 4 [33060, 65448, 65496, 65499] 
504.663 33060 1 0 1 0 0 8952 41720 76 4 [33060, 65448, 65496, 65499] 
505.663 33060 1 0 1 0 0 8952 41720 76 4 [33060, 65448, 65496, 65499] 
506.663 33060 1 0 1 0 0 8952 41720 76 4 [33060, 65448, 65496, 65499] 
507.663 33060 1 0 1 0 0 8952 41720 76 4 [33060, 65448, 65496, 65499] 
508.663 33060 1 0 1 0 0 8952 41720 76 4 [33060, 65448, 65496, 65499] 
509.663 33060 1 0 1 0 0 8952 41720 76 4 [33060, 65448, 65496, 65499] 
510.663 33060 1 0 1 0 0 8952 41720 76 4 [33060, 65448, 65496, 65499] 
511.663 33060 1 0 1 0 0 8952 41720 76 4 [33060, 65448, 65496, 65499] 
512.663 33060 1 0 1 0 0 8952 41720 76 4 [33060, 65448, 65496, 65499] 
513.663 33060 1 0 1 0 0 8952 41720 76 4 [33060, 65448, 65496, 65499] 
514.663 33060 1 0 1 0 0 8952 41720 76 4 [33060, 65448, 65496, 65499] 
515.663 33060 1 0 1 0 0 8952 41720 76 4 [33060, 65448, 65496, 65499] 
516.663 33060 1 0 1 0 0 8952 41720 76 4 [33060, 65448, 65496, 65499] 
517.663 33060 1 0 1 0 0 8952 41720 76 4 [33060, 65448, 65496, 65499] 
518.663 33060 1 0 1 0 0 8952 41720 76 4 [33060, 65448, 65496, 65499] 
519.663 33060 1 0 1 0 0 8952 41720 76 4 [33060, 65448, 65496, 65499] 
520.663 33060 1 0 1 0 0 8952 41720 76 4 [33060, 65448, 65496, 65499] 
521.663 33060 1 0 1 0 0 8952 41720 76 4 [33060, 65448, 65496, 65499] 
522.663 33060 1 0 1 0 0 8952 41720 76 4 [33060, 65448, 65496, 65499] 
523.663 33060 1 0 1 0 0 8952 41720 76 4 [33060, 65448, 65496, 65499] 
524.663 33060 1 0 1 0 0 8952 41720 76 4 [33060, 65448, 65496, 65499] 
525.663 33060 1 0 1 0 0 8952 41720 76 4 [33060, 65448, 65496, 65499] 
526.663 33060 1 0 1 0 0 8952 41720 76 4 [33060, 65448, 65496, 65499] 
527.663 33060 1 0 1 0 0 8952 41720 76 4 [33060, 65448, 65496, 65499] 
528.67 33060 1 0 1 0 0 8952 41720 76 4 [33060, 65448, 65496, 65499] 
529.67 33060 1 0 1 0 0 8952 41720 76 4 [33060, 65448, 65496, 65499] 
530.67 33060 1 0 1 0 0 8952 41720 76 4 [33060, 65448, 65496, 65499] 
531.67 33060 1 0 1 0 0 8952 41720 76 4 [33060, 65448, 65496, 65499] 
532.67 33060 1 0 1 0 0 8952 41720 76 4 [33060, 65448, 65496, 65499] 
533.67 33060 1 0 1 0 0 8952 41720 76 4 [33060, 65448, 65496, 65499] 
534.67 33060 1 0 1 0 0 8952 41720 76 4 [33060, 65448, 65496, 65499] 
535.67 33060 1 0 1 0 0 8952 41720 76 4 [33060, 65448, 65496, 65499] 
536.67 33060 1 0 1 0 0 8952 41720 76 4 [33060, 65448, 65496, 65499] 
537.67 33060 1 0 1 0 0 8952 41720 76 4 [33060, 65448, 65496, 65499] 
538.67 33060 1 0 1 0 0 8952 41720 76 4 [33060, 65448, 65496, 65499] 
539.67 33060 1 0 1 0 0 8952 41720 76 4 [33060, 65448, 65496, 65499] 
540.67 33060 1 0 1 1 1 8952 41720 76 4 [33060, 65448, 65496, 65499] 
541.67 33060 1 0 1 1 1 8952 41720 82 4 [33060, 65448, 65496, 65499] 
542.67 33060 1 0 1 1 1 8952 41720 82 4 [33060, 65448, 65496, 65499] 
543.67 33060 1 0 1 1 1 8952 41720 82 4 [33060, 65448, 65496, 65499] 
544.67 33060 1 0 1 1 1 8952 41720 82 4 [33060, 65448, 65496, 65499] 
545.67 33060 1 0 1 1 1 8952 41720 82 4 [33060, 65448, 65496, 65499] 
546.67 33060 1 0 1 1 1 8952 41720 82 4 [33060, 65448, 65496, 65499] 
547.67 33060 1 0 1 1 1 8952 41720 82 4 [33060, 65448, 65496, 65499] 
548.67 33060 1 0 1 1 1 8952 41720 82 4 [33060, 65448, 65496, 65499] 
549.67 33060 1 0 1 1 1 8952 41720 82 4 [33060, 65448, 65496, 65499] 
550.67 33060 1 0 1 1 1 8952 41720 82 4 [33060, 65448, 65496, 65499] 
551.67 33060 1 0 1 1 1 8952 41720 82 4 [33060, 65448, 65496, 65499] 
552.688 33060 1 0 1 1 1 8952 41720 82 4 [33060, 65448, 65496, 65499] 
553.688 33060 1 0 1 1 1 8952 41720 82 4 [33060, 65448, 65496, 65499] 
554.688 33060 1 0 1 1 1 8952 41720 82 4 [33060, 65448, 65496, 65499] 
555.689 33060 1 0 1 1 1 8952 41720 82 4 [33060, 65448, 65496, 65499] 
556.689 33060 1 0 1 1 1 8952 41720 82 4 [33060, 65448, 65496, 65499] 
557.689 33060 1 0 1 1 1 8952 41720 82 4 [33060, 65448, 65496, 65499] 
558.689 33060 1 0 1 1 1 8952 41720 82 4 [33060, 65448, 65496, 65499] 
559.689 33060 1 0 1 1 1 8952 41720 82 4 [33060, 65448, 65496, 65499] 
560.689 33060 1 0 1 1 1 8952 41720 82 4 [33060, 65448, 65496, 65499] 
561.689 33060 1 0 1 1 1 8952 41720 82 4 [33060, 65448, 65496, 65499] 
562.689 33060 1 0 1 1 1 8952 41720 82 4 [33060, 65448, 65496, 65499] 
563.689 33060 1 0 1 1 1 8952 41720 82 4 [33060, 65448, 65496, 65499] 
564.689 33060 1 0 1 1 1 8952 41720 82 4 [33060, 65448, 65496, 65499] 
565.689 33060 1 0 1 1 1 8952 41720 82 4 [33060, 65448, 65496, 65499] 
566.689 33060 1 0 1 1 1 8952 41720 82 4 [33060, 65448, 65496, 65499] 
567.689 33060 1 0 1 1 1 8952 41720 82 4 [33060, 65448, 65496, 65499] 
568.689 33060 1 0 1 1 1 8952 41720 82 4 [33060, 65448, 65496, 65499] 
569.689 33060 1 0 1 1 1 8952 41720 82 4 [33060, 65448, 65496, 65499] 
570.689 33060 1 0 1 1 1 8952 41720 82 4 [33060, 65448, 65496, 65499] 
571.689 33060 1 0 1 1 1 8952 41720 82 4 [33060, 65448, 65496, 65499] 
572.691 33060 1 0 1 1 1 8952 41720 82 4 [33060, 65448, 65496, 65499] 
573.691 33060 1 0 1 1 1 8952 41720 82 4 [33060, 65448, 65496, 65499] 
574.691 33060 1 0 1 1 1 8952 41720 82 4 [33060, 65448, 65496, 65499] 
575.691 33060 1 0 1 1 1 8952 41720 82 4 [33060, 65448, 65496, 65499] 
576.691 33060 1 0 1 1 1 8952 41720 82 4 [33060, 65448, 65496, 65499] 
577.691 33060 1 0 1 1 1 8952 41720 82 4 [33060, 65448, 65496, 65499] 
578.691 33060 1 0 1 1 1 8952 41720 82 4 [33060, 65448, 65496, 65499] 
579.691 33060 1 0 1 1 1 8952 41720 82 4 [33060, 65448, 65496, 65499] 
580.691 33060 1 0 1 1 1 8952 41720 82 4 [33060, 65448, 65496, 65499] 
581.691 33060 1 0 1 1 1 8952 41720 82 4 [33060, 65448, 65496, 65499] 
582.691 33060 1 0 1 1 1 8952 41720 82 4 [33060, 65448, 65496, 65499] 
583.691 33060 1 0 1 1 1 8952 41720 82 4 [33060, 65448, 65496, 65499] 
584.691 33060 1 0 1 1 1 8952 41720 82 4 [33060, 65448, 65496, 65499] 
585.691 33060 1 0 1 1 1 8952 41720 82 4 [33060, 65448, 65496, 65499] 
586.691 33060 1 0 1 1 1 8952 41720 82 4 [33060, 65448, 65496, 65499] 
587.691 33060 1 0 1 1 1 8952 41720 82 4 [33060, 65448, 65496, 65499] 
588.693 33060 1 0 1 1 1 8952 41720 82 4 [33060, 65448, 65496, 65499] 
589.693 33060 1 0 1 1 1 8952 41720 82 4 [33060, 65448, 65496, 65499] 
590.693 33060 1 0 1 1 1 8952 41720 82 4 [33060, 65448, 65496, 65499] 
591.693 33060 1 0 1 1 1 8952 41720 82 4 [33060, 65448, 65496, 65499] 
592.693 33060 1 0 1 1 1 8952 41720 82 4 [33060, 65448, 65496, 65499] 
593.693 33060 1 0 1 1 1 8952 41720 82 4 [33060, 65448, 65496, 65499] 
594.693 33060 1 0 1 1 1 8952 41720 82 4 [33060, 65448, 65496, 65499] 
595.693 33060 1 0 1 1 1 8952 41720 82 4 [33060, 65448, 65496, 65499] 
596.693 33060 1 0 1 1 1 8952 41720 82 4 [33060, 65448, 65496, 65499] 
597.693 33060 1 0 1 1 1 8952 41720 82 4 [33060, 65448, 65496, 65499] 
598.693 33060 1 0 1 1 1 8952 41720 82 4 [33060, 65448, 65496, 65499] 
599.693 33060 1 0 1 1 1 8952 41720 82 4 [33060, 65448, 65496, 65499] 
600.693 33060 1 0 1 0 0 8952 41720 82 4 [33060, 65448, 65496, 65499] 
601.693 33060 1 0 1 0 0 8952 41720 82 4 [33060, 65448, 65496, 65499] 
602.693 33060 1 0 1 0 0 8952 41720 82 4 [33060, 65448, 65496, 65499] 
603.693 33060 1 0 1 0 0 8952 41720 82 4 [33060, 65448, 65496, 65499] 
604.693 33060 1 0 1 0 0 8952 41720 82 4 [33060, 65448, 65496, 65499] 
605.693 33060 1 0 1 0 0 8952 41720 82 4 [33060, 65448, 65496, 65499] 
606.693 33060 1 0 1 0 0 8952 41720 82 4 [33060, 65448, 65496, 65499] 
607.693 33060 1 0 1 0 0 8952 41720 82 4 [33060, 65448, 65496, 65499] 
608.702 33060 1 0 1 0 0 8952 41720 82 4 [33060, 65448, 65496, 65499] 
609.702 33060 1 0 1 0 0 8952 41720 82 4 [33060, 65448, 65496, 65499] 
610.702 33060 1 0 1 0 0 8952 41720 82 4 [33060, 65448, 65496, 65499] 
611.702 33060 1 0 1 0 0 8952 41720 82 4 [33060, 65448, 65496, 65499] 
612.702 33060 1 0 1 0 0 8952 41720 82 4 [33060, 65448, 65496, 65499] 
613.702 33060 1 0 1 0 0 8952 41720 82 4 [33060, 65448, 65496, 65499] 
614.702 33060 1 0 1 0 0 8952 41720 82 4 [33060, 65448, 65496, 65499] 
615.702 33060 1 0 1 0 0 8952 41720 82 4 [33060, 65448, 65496, 65499] 
616.702 33060 1 0 1 0 0 8952 41720 82 4 [33060, 65448, 65496, 65499] 
617.702 33060 1 0 1 0 0 8952 41720 82 4 [33060, 65448, 65496, 65499] 
618.702 33060 1 0 1 0 0 8952 41720 82 4 [33060, 65448, 65496, 65499] 
619.704 33060 1 0 1 0 0 8952 41720 82 4 [33060, 65448, 65496, 65499] 
620.704 33060 1 0 1 0 0 8952 41720 82 4 [33060, 65448, 65496, 65499] 
621.704 33060 1 0 1 0 0 8952 41720 82 4 [33060, 65448, 65496, 65499] 
622.704 33060 1 0 1 0 0 8952 41720 82 4 [33060, 65448, 65496, 65499] 
623.704 33060 1 0 1 0 0 8952 41720 82 4 [33060, 65448, 65496, 65499] 
624.704 33060 1 0 1 0 0 8952 41720 82 4 [33060, 65448, 65496, 65499] 
625.704 33060 1 0 1 0 0 8952 41720 82 4 [33060, 65448, 65496, 65499] 
626.704 33060 1 0 1 0 0 8952 41720 82 4 [33060, 65448, 65496, 65499] 
627.704 33060 1 0 1 0 0 8952 41720 82 4 [33060, 65448, 65496, 65499] 
628.704 33060 1 0 1 0 0 8952 41720 82 4 [33060, 65448, 65496, 65499] 
629.704 33060 1 0 1 0 0 8952 41720 82 4 [33060, 65448, 65496, 65499] 
630.704 33060 1 0 1 0 0 8952 41720 82 4 [33060, 65448, 65496, 65499] 
631.704 33060 1 0 1 0 0 8952 41720 82 4 [33060, 65448, 65496, 65499] 
632.704 33060 1 0 1 0 0 8952 41720 82 4 [33060, 65448, 65496, 65499] 
633.704 33060 1 0 1 0 0 8952 41720 82 4 [33060, 65448, 65496, 65499] 
634.704 33060 1 0 1 0 0 8952 41720 82 4 [33060, 65448, 65496, 65499] 
635.704 33060 1 0 1 0 0 8952 41720 82 4 [33060, 65448, 65496, 65499] 
636.704 33060 1 0 1 0 0 8952 41720 82 4 [33060, 65448, 65496, 65499] 
637.704 33060 1 0 1 0 0 8952 41720 82 4 [33060, 65448, 65496, 65499] 
638.704 33060 1 0 1 0 0 8952 41720 82 4 [33060, 65448, 65496, 65499] 
639.704 33060 1 0 1 0 0 8952 41720 82 4 [33060, 65448, 65496, 65499] 
640.704 33060 1 0 1 0 0 8952 41720 82 4 [33060, 65448, 65496, 65499] 
641.704 33060 1 0 1 0 0 8952 41720 82 4 [33060, 65448, 65496, 65499] 
642.704 33060 1 0 1 0 0 8952 41720 82 4 [33060, 65448, 65496, 65499] 
643.704 33060 1 0 1 0 0 8952 41720 82 4 [33060, 65448, 65496, 65499] 
644.704 33060 1 0 1 0 0 8952 41720 82 4 [33060, 65448, 65496, 65499] 
645.704 33060 1 0 1 0 0 8952 41720 82 4 [33060, 65448, 65496, 65499] 
646.708 33060 1 0 1 0 0 8952 41720 82 4 [33060, 65448, 65496, 65499] 
647.708 33060 1 0 1 0 0 8952 41720 82 4 [33060, 65448, 65496, 65499] 
648.708 33060 1 0 1 0 0 8952 41720 82 4 [33060, 65448, 65496, 65499] 
649.708 33060 1 0 1 0 0 8952 41720 82 4 [33060, 65448, 65496, 65499] 
650.708 33060 1 0 1 0 0 8952 41720 82 4 [33060, 65448, 65496, 65499] 
651.708 33060 1 0 1 0 0 8952 41720 82 4 [33060, 65448, 65496, 65499] 
652.708 33060 1 0 1 0 0 8952 41720 82 4 [33060, 65448, 65496, 65499] 
653.708 33060 1 0 1 0 0 8952 41720 82 4 [33060, 65448, 65496, 65499] 
654.708 33060 1 0 1 0 0 8952 41720 82 4 [33060, 65448, 65496, 65499] 
655.708 33060 1 0 1 0 0 8952 41720 82 4 [33060, 65448, 65496, 65499] 
656.708 33060 1 0 1 0 0 8952 41720 82 4 [33060, 65448, 65496, 65499] 
657.708 33060 1 0 1 0 0 8952 41720 82 4 [33060, 65448, 65496, 65499] 
658.708 33060 1 0 1 0 0 8952 41720 82 4 [33060, 65448, 65496, 65499] 
659.708 33060 1 0 1 0 0 8952 41720 82 4 [33060, 65448, 65496, 65499] 
660.708 33060 1 0 1 0 0 8952 41720 82 4 [33060, 65448, 65496, 65499] 
661.708 33060 1 0 1 0 0 8952 41720 82 4 [33060, 65448, 65496, 65499] 
662.708 33060 1 0 1 0 0 8952 41720 82 4 [33060, 65448, 65496, 65499] 
663.708 33060 1 0 1 0 0 8952 41720 82 4 [33060, 65448, 65496, 65499] 
664.708 33060 1 0 1 0 0 8952 41720 82 4 [33060, 65448, 65496, 65499] 
665.708 33060 1 0 1 0 0 8952 41720 82 4 [33060, 65448, 65496, 65499] 
666.708 33060 1 0 1 0 0 8952 41720 82 4 [33060, 65448, 65496, 65499] 
667.708 33060 1 0 1 0 0 8952 41720 82 4 [33060, 65448, 65496, 65499] 
668.708 33060 1 0 1 0 0 8952 41720 82 4 [33060, 65448, 65496, 65499] 
669.708 33060 1 0 1 0 0 8952 41720 82 4 [33060, 65448, 65496, 65499] 
670.708 33060 1 0 1 0 0 8952 41720 82 4 [33060, 65448, 65496, 65499] 
671.708 33060 1 0 1 0 0 8952 41720 82 4 [33060, 65448, 65496, 65499] 
672.708 33060 1 0 1 0 0 8952 41720 82 4 [33060, 65448, 65496, 65499] 
673.708 33060 1 0 1 0 0 8952 41720 82 4 [33060, 65448, 65496, 65499] 
674.721 33060 1 0 1 0 0 8952 41720 82 4 [33060, 65448, 65496, 65499] 
675.721 33060 1 0 1 0 0 8952 41720 82 4 [33060, 65448, 65496, 65499] 
676.721 33060 1 0 1 0 0 8952 41720 82 4 [33060, 65448, 65496, 65499] 
677.721 33060 1 0 1 0 0 8952 41720 82 4 [33060, 65448, 65496, 65499] 
678.721 33060 1 0 1 0 0 8952 41720 82 4 [33060, 65448, 65496, 65499] 
679.721 33060 1 0 1 0 0 8952 41720 82 4 [33060, 65448, 65496, 65499] 
680.721 33060 1 0 1 0 0 8952 41720 82 4 [33060, 65448, 65496, 65499] 
681.721 33060 1 0 1 0 0 8952 41720 82 4 [33060, 65448, 65496, 65499] 
682.721 33060 1 0 1 0 0 8952 41720 82 4 [33060, 65448, 65496, 65499] 
683.721 33060 1 0 1 0 0 8952 41720 82 4 [33060, 65448, 65496, 65499] 
684.721 33060 1 0 1 0 0 8952 41720 82 4 [33060, 65448, 65496, 65499] 
685.721 33060 1 0 1 0 0 8952 41720 82 4 [33060, 65448, 65496, 65499] 
686.721 33060 1 0 1 0 0 8952 41720 82 4 [33060, 65448, 65496, 65499] 
687.721 33060 1 0 1 0 0 8952 41720 82 4 [33060, 65448, 65496, 65499] 
688.721 33060 1 0 1 0 0 8952 41720 82 4 [33060, 65448, 65496, 65499] 
689.721 33060 1 0 1 0 0 8952 41720 82 4 [33060, 65448, 65496, 65499] 
690.721 33060 1 0 1 0 0 8952 41720 82 4 [33060, 65448, 65496, 65499] 
691.722 33060 1 0 1 0 0 8952 41720 82 4 [33060, 65448, 65496, 65499] 
692.722 33060 1 0 1 0 0 8952 41720 82 4 [33060, 65448, 65496, 65499] 
693.722 33060 1 0 1 0 0 8952 41720 82 4 [33060, 65448, 65496, 65499] 
694.722 33060 1 0 1 0 0 8952 41720 82 4 [33060, 65448, 65496, 65499] 
695.722 33060 1 0 1 0 0 8952 41720 82 4 [33060, 65448, 65496, 65499] 
696.722 33060 1 0 1 0 0 8952 41720 82 4 [33060, 65448, 65496, 65499] 
697.722 33060 1 0 1 0 0 8952 41720 82 4 [33060, 65448, 65496, 65499] 
698.722 33060 1 0 1 0 0 8952 41720 82 4 [33060, 65448, 65496, 65499] 
699.722 33060 1 0 1 0 0 8952 41720 82 4 [33060, 65448, 65496, 65499] 
700.722 33060 1 0 1 0 0 8952 41720 82 4 [33060, 65448, 65496, 65499] 
701.722 33060 1 0 1 0 0 8952 41720 82 4 [33060, 65448, 65496, 65499] 
702.722 33060 1 0 1 0 0 8952 41720 82 4 [33060, 65448, 65496, 65499] 
703.722 33060 1 0 1 0 0 8952 41720 82 4 [33060, 65448, 65496, 65499] 
704.722 33060 1 0 1 0 0 8952 41720 82 4 [33060, 65448, 65496, 65499] 
705.722 33060 1 0 1 0 0 8952 41720 82 4 [33060, 65448, 65496, 65499] 
706.722 33060 1 0 1 0 0 8952 41720 82 4 [33060, 65448, 65496, 65499] 
707.722 33060 1 0 1 0 0 8952 41720 82 4 [33060, 65448, 65496, 65499] 
708.722 33060 1 0 1 0 0 8952 41720 82 4 [33060, 65448, 65496, 65499] 
709.722 33060 1 0 1 0 0 8952 41720 82 4 [33060, 65448, 65496, 65499] 
710.723 33060 1 0 1 0 0 8952 41720 82 4 [33060, 65448, 65496, 65499] 
711.723 33060 1 0 1 0 0 8952 41720 82 4 [33060, 65448, 65496, 65499] 
712.723 33060 1 0 1 0 0 8952 41720 82 4 [33060, 65448, 65496, 65499] 
713.723 33060 1 0 1 0 0 8952 41720 82 4 [33060, 65448, 65496, 65499] 
714.723 33060 1 0 1 0 0 8952 41720 82 4 [33060, 65448, 65496, 65499] 
715.723 33060 1 0 1 0 0 8952 41720 82 4 [33060, 65448, 65496, 65499] 
716.723 33060 1 0 1 0 0 8952 41720 82 4 [33060, 65448, 65496, 65499] 
717.723 33060 1 0 1 0 0 8952 41720 82 4 [33060, 65448, 65496, 65499] 
718.734 33060 1 0 1 0 0 8952 41720 82 4 [33060, 65448, 65496, 65499] 
719.734 33060 1 0 1 0 0 8952 41720 82 4 [33060, 65448, 65496, 65499] 
720.734 33060 1 0 1 0 0 8952 41720 82 4 [33060, 65448, 65496, 65499] 
721.734 33060 1 0 1 0 0 8952 41720 82 4 [33060, 65448, 65496, 65499] 
722.734 33060 1 0 1 0 0 8952 41720 82 4 [33060, 65448, 65496, 65499] 
723.734 33060 1 0 1 0 0 8952 41720 82 4 [33060, 65448, 65496, 65499] 
724.734 33060 1 0 1 0 0 8952 41720 82 4 [33060, 65448, 65496, 65499] 
725.734 33060 1 0 1 0 0 8952 41720 82 4 [33060, 65448, 65496, 65499] 
726.734 33060 1 0 1 0 0 8952 41720 82 4 [33060, 65448, 65496, 65499] 
727.734 33060 1 0 1 0 0 8952 41720 82 4 [33060, 65448, 65496, 65499] 
728.734 33060 1 0 1 0 0 8952 41720 82 4 [33060, 65448, 65496, 65499] 
729.734 33060 1 0 1 0 0 8952 41720 82 4 [33060, 65448, 65496, 65499] 
730.734 33060 1 0 1 0 0 8952 41720 82 4 [33060, 65448, 65496, 65499] 
731.734 33060 1 0 1 0 0 8952 41720 82 4 [33060, 65448, 65496, 65499] 
732.734 33060 1 0 1 0 0 8952 41720 82 4 [33060, 65448, 65496, 65499] 
733.734 33060 1 0 1 0 0 8952 41720 82 4 [33060, 65448, 65496, 65499] 
734.734 33060 1 0 1 0 0 8952 41720 82 4 [33060, 65448, 65496, 65499] 
735.734 33060 1 0 1 0 0 8952 41720 82 4 [33060, 65448, 65496, 65499] 
736.734 33060 1 0 1 0 0 8952 41720 82 4 [33060, 65448, 65496, 65499] 
737.738 33060 1 0 1 0 0 8952 41720 82 4 [33060, 65448, 65496, 65499] 
738.738 33060 1 0 1 0 0 8952 41720 82 4 [33060, 65448, 65496, 65499] 
739.738 33060 1 0 1 0 0 8952 41720 82 4 [33060, 65448, 65496, 65499] 
740.738 33060 1 0 1 0 0 8952 41720 82 4 [33060, 65448, 65496, 65499] 
741.738 33060 1 0 1 0 0 8952 41720 82 4 [33060, 65448, 65496, 65499] 
742.738 33060 1 0 1 0 0 8952 41720 82 4 [33060, 65448, 65496, 65499] 
743.738 33060 1 0 1 0 0 8952 41720 82 4 [33060, 65448, 65496, 65499] 
744.738 33060 1 0 1 0 0 8952 41720 82 4 [33060, 65448, 65496, 65499] 
745.738 33060 1 0 1 0 0 8952 41720 82 4 [33060, 65448, 65496, 65499] 
746.738 33060 1 0 1 0 0 8952 41720 82 4 [33060, 65448, 65496, 65499] 
747.741 33060 1 0 1 0 0 8952 41720 82 4 [33060, 65448, 65496, 65499] 
748.741 33060 1 0 1 0 0 8952 41720 82 4 [33060, 65448, 65496, 65499] 
749.741 33060 1 0 1 0 0 8952 41720 82 4 [33060, 65448, 65496, 65499] 
750.741 33060 1 0 1 0 0 8952 41720 82 4 [33060, 65448, 65496, 65499] 
751.741 33060 1 0 1 0 0 8952 41720 82 4 [33060, 65448, 65496, 65499] 
752.741 33060 1 0 1 0 0 8952 41720 82 4 [33060, 65448, 65496, 65499] 
753.741 33060 1 0 1 0 0 8952 41720 82 4 [33060, 65448, 65496, 65499] 
754.741 33060 1 0 1 0 0 8952 41720 82 4 [33060, 65448, 65496, 65499] 
755.741 33060 1 0 1 0 0 8952 41720 82 4 [33060, 65448, 65496, 65499] 
756.741 33060 1 0 1 0 0 8952 41720 82 4 [33060, 65448, 65496, 65499] 
757.741 33060 1 0 1 0 0 8952 41720 82 4 [33060, 65448, 65496, 65499] 
758.741 33060 1 0 1 0 0 8952 41720 82 4 [33060, 65448, 65496, 65499] 
759.741 33060 1 0 1 0 0 8952 41720 82 4 [33060, 65448, 65496, 65499] 
760.741 33060 1 0 1 0 0 8952 41720 82 4 [33060, 65448, 65496, 65499] 
761.741 33060 1 0 1 0 0 8952 41720 82 4 [33060, 65448, 65496, 65499] 
762.741 33060 1 0 1 0 0 8952 41720 82 4 [33060, 65448, 65496, 65499] 
763.741 33060 1 0 1 0 0 8952 41720 82 4 [33060, 65448, 65496, 65499] 
764.741 33060 1 0 1 0 0 8952 41720 82 4 [33060, 65448, 65496, 65499] 
765.741 33060 1 0 1 0 0 8952 41720 82 4 [33060, 65448, 65496, 65499] 
766.743 33060 1 0 1 0 0 8952 41720 82 4 [33060, 65448, 65496, 65499] 
767.743 33060 1 0 1 0 0 8952 41720 82 4 [33060, 65448, 65496, 65499] 
768.743 33060 1 0 1 0 0 8952 41720 82 4 [33060, 65448, 65496, 65499] 
769.743 33060 1 0 1 0 0 8952 41720 82 4 [33060, 65448, 65496, 65499] 
770.743 33060 1 0 1 0 0 8952 41720 82 4 [33060, 65448, 65496, 65499] 
771.743 33060 1 0 1 0 0 8952 41720 82 4 [33060, 65448, 65496, 65499] 
772.743 33060 1 0 1 0 0 8952 41720 82 4 [33060, 65448, 65496, 65499] 
773.743 33060 1 0 1 0 0 8952 41720 82 4 [33060, 65448, 65496, 65499] 
774.743 33060 1 0 1 0 0 8952 41720 82 4 [33060, 65448, 65496, 65499] 
775.743 33060 1 0 0 0 0 8952 41720 82 4 [33060, 65448, 65496, 65499] 
776.743 33060 1 0 0 0 0 8952 41720 82 4 [33060, 65448, 65496, 65499] 
777.743 33060 1 0 0 0 0 8952 41720 82 4 [33060, 65448, 65496, 65499] 
778.743 33060 1 0 0 0 0 8952 41720 82 4 [33060, 65448, 65496, 65499] 
779.743 33060 1 0 0 0 0 8952 41720 82 4 [33060, 65448, 65496, 65499] 
780.743 33060 1 0 0 0 0 8952 41720 82 4 [33060, 65448, 65496, 65499] 
781.743 33060 1 0 0 0 0 8952 41720 82 4 [33060, 65448, 65496, 65499] 
782.744 33060 1 0 1 0 0 8952 41720 82 4 [33060, 65448, 65496, 65499] 
783.744 33060 1 0 1 0 0 8952 41720 82 4 [33060, 65448, 65496, 65499] 
784.744 33060 1 0 1 0 0 8952 41720 82 4 [33060, 65448, 65496, 65499] 
785.744 33060 1 0 1 0 0 8952 41720 82 4 [33060, 65448, 65496, 65499] 
786.744 33060 1 0 1 0 0 8952 41720 82 4 [33060, 65448, 65496, 65499] 
787.744 33060 1 0 1 0 0 8952 41720 82 4 [33060, 65448, 65496, 65499] 
788.744 33060 1 0 1 0 0 8952 41720 82 4 [33060, 65448, 65496, 65499] 
789.744 33060 1 0 1 0 0 8952 41720 82 4 [33060, 65448, 65496, 65499] 
790.744 33060 1 0 1 0 0 8952 41720 82 4 [33060, 65448, 65496, 65499] 
791.744 33060 1 0 1 0 0 8952 41720 82 4 [33060, 65448, 65496, 65499] 
792.744 33060 1 0 1 0 0 8952 41720 82 4 [33060, 65448, 65496, 65499] 
793.744 33060 1 0 1 0 0 8952 41720 82 4 [33060, 65448, 65496, 65499] 
794.744 33060 1 0 1 0 0 8952 41720 82 4 [33060, 65448, 65496, 65499] 
795.744 33060 1 0 1 0 0 8952 41720 82 4 [33060, 65448, 65496, 65499] 
796.744 33060 1 0 1 0 0 8952 41720 82 4 [33060, 65448, 65496, 65499] 
797.744 33060 1 0 1 0 0 8952 41720 82 4 [33060, 65448, 65496, 65499] 
798.744 33060 1 0 0 0 0 8952 41720 82 4 [33060, 65448, 65496, 65499] 
799.744 33060 1 0 0 0 0 8952 41720 82 4 [33060, 65448, 65496, 65499] 
800.744 33060 1 0 0 0 0 8952 41720 82 4 [33060, 65448, 65496, 65499] 
801.744 33060 1 0 1 0 0 8952 41720 82 4 [33060, 65448, 65496, 65499] 
802.744 33060 1 0 1 0 0 8952 41720 82 4 [33060, 65448, 65496, 65499] 
803.744 33060 1 0 1 0 0 8952 41720 82 4 [33060, 65448, 65496, 65499] 
804.744 33060 1 0 1 0 0 8952 41720 82 4 [33060, 65448, 65496, 65499] 
805.744 33060 1 0 1 0 0 8952 41720 82 4 [33060, 65448, 65496, 65499] 
806.744 33060 1 0 1 0 0 8952 41720 82 4 [33060, 65448, 65496, 65499] 
807.744 33060 1 0 1 0 0 8952 41720 82 4 [33060, 65448, 65496, 65499] 
808.744 33060 1 0 1 0 0 8952 41720 82 4 [33060, 65448, 65496, 65499] 
809.744 33060 1 0 1 0 0 8952 41720 82 4 [33060, 65448, 65496, 65499] 
810.744 33060 1 0 1 0 0 8952 41720 82 4 [33060, 65448, 65496, 65499] 
811.744 33060 1 0 1 0 0 8952 41720 82 4 [33060, 65448, 65496, 65499] 
812.744 33060 1 0 1 0 0 8952 41720 82 4 [33060, 65448, 65496, 65499] 
813.744 33060 1 0 1 0 0 8952 41720 82 4 [33060, 65448, 65496, 65499] 
814.744 33060 1 0 1 0 0 8952 41720 82 4 [33060, 65448, 65496, 65499] 
815.744 33060 1 0 1 0 0 8952 41720 82 4 [33060, 65448, 65496, 65499] 
816.744 33060 1 0 1 0 0 8952 41720 82 4 [33060, 65448, 65496, 65499] 
817.744 33060 1 0 1 0 0 8952 41720 82 4 [33060, 65448, 65496, 65499] 
818.744 33060 1 0 1 0 0 8952 41720 82 4 [33060, 65448, 65496, 65499] 
819.744 33060 1 0 1 0 0 8952 41720 82 4 [33060, 65448, 65496, 65499] 
820.744 33060 1 0 1 0 0 8952 41720 82 4 [33060, 65448, 65496, 65499] 
821.744 33060 1 0 1 0 0 8952 41720 82 4 [33060, 65448, 65496, 65499] 
822.744 33060 1 0 1 0 0 8952 41720 82 4 [33060, 65448, 65496, 65499] 
823.744 33060 1 0 1 0 0 8952 41720 82 4 [33060, 65448, 65496, 65499] 
824.744 33060 1 0 1 0 0 8952 41720 82 4 [33060, 65448, 65496, 65499] 
825.744 33060 1 0 1 0 0 8952 41720 82 4 [33060, 65448, 65496, 65499] 
826.744 33060 1 0 1 0 0 8952 41720 82 4 [33060, 65448, 65496, 65499] 
827.744 33060 1 0 1 0 0 8952 41720 82 4 [33060, 65448, 65496, 65499] 
828.744 33060 1 0 1 0 0 8952 41720 82 4 [33060, 65448, 65496, 65499] 
829.744 33060 1 0 1 0 0 8952 41720 82 4 [33060, 65448, 65496, 65499] 
830.744 33060 1 0 1 0 0 8952 41720 82 4 [33060, 65448, 65496, 65499] 
831.744 33060 1 0 1 0 0 8952 41720 82 4 [33060, 65448, 65496, 65499] 
832.744 33060 1 0 1 0 0 8952 41720 82 4 [33060, 65448, 65496, 65499] 
833.744 33060 1 0 1 0 0 8952 41720 82 4 [33060, 65448, 65496, 65499] 
834.744 33060 1 0 1 0 0 8952 41720 82 4 [33060, 65448, 65496, 65499] 
835.744 33060 1 0 1 0 0 8952 41720 82 4 [33060, 65448, 65496, 65499] 
836.744 33060 1 0 1 0 0 8952 41720 82 4 [33060, 65448, 65496, 65499] 
837.744 33060 1 0 1 0 0 8952 41720 82 4 [33060, 65448, 65496, 65499] 
838.752 33060 1 0 1 0 0 8952 41720 82 4 [33060, 65448, 65496, 65499] 
839.752 33060 1 0 1 0 0 8952 41720 82 4 [33060, 65448, 65496, 65499] 
840.752 33060 1 0 1 0 0 8952 41720 82 4 [33060, 65448, 65496, 65499] 
841.752 33060 1 0 1 0 0 8952 41720 82 4 [33060, 65448, 65496, 65499] 
842.752 33060 1 0 1 0 0 8952 41720 82 4 [33060, 65448, 65496, 65499] 
843.752 33060 1 0 1 0 0 8952 41720 82 4 [33060, 65448, 65496, 65499] 
844.752 33060 1 0 1 0 0 8952 41720 82 4 [33060, 65448, 65496, 65499] 
845.752 33060 1 0 1 0 0 8952 41720 82 4 [33060, 65448, 65496, 65499] 
846.752 33060 1 0 1 0 0 8952 41720 82 4 [33060, 65448, 65496, 65499] 
847.752 33060 1 0 1 0 0 8952 41720 82 4 [33060, 65448, 65496, 65499] 
848.752 33060 1 0 1 0 0 8952 41720 82 4 [33060, 65448, 65496, 65499] 
849.753 33060 1 0 1 0 0 8952 41720 82 4 [33060, 65448, 65496, 65499] 
850.753 33060 1 0 1 0 0 8952 41720 82 4 [33060, 65448, 65496, 65499] 
851.753 33060 1 0 1 0 0 8952 41720 82 4 [33060, 65448, 65496, 65499] 
852.753 33060 1 0 1 0 0 8952 41720 82 4 [33060, 65448, 65496, 65499] 
853.753 33060 1 0 1 0 0 8952 41720 82 4 [33060, 65448, 65496, 65499] 
854.753 33060 1 0 1 0 0 8952 41720 82 4 [33060, 65448, 65496, 65499] 
855.753 33060 1 0 1 0 0 8952 41720 82 4 [33060, 65448, 65496, 65499] 
856.753 33060 1 0 1 0 0 8952 41720 82 4 [33060, 65448, 65496, 65499] 
857.753 33060 1 0 1 0 0 8952 41720 82 4 [33060, 65448, 65496, 65499] 
858.753 33060 1 0 1 0 0 8952 41720 82 4 [33060, 65448, 65496, 65499] 
859.753 33060 1 0 1 0 0 8952 41720 82 4 [33060, 65448, 65496, 65499] 
860.753 33060 1 0 1 0 0 8952 41720 82 4 [33060, 65448, 65496, 65499] 
861.753 33060 1 0 1 0 0 8952 41720 82 4 [33060, 65448, 65496, 65499] 
862.753 33060 1 0 1 0 0 8952 41720 82 4 [33060, 65448, 65496, 65499] 
863.753 33060 1 0 1 0 0 8952 41720 82 4 [33060, 65448, 65496, 65499] 
864.753 33060 1 0 1 0 0 8952 41720 82 4 [33060, 65448, 65496, 65499] 
865.753 33060 1 0 1 0 0 8952 41720 82 4 [33060, 65448, 65496, 65499] 
866.753 33060 1 0 1 0 0 8952 41720 82 4 [33060, 65448, 65496, 65499] 
867.753 33060 1 0 1 0 0 8952 41720 82 4 [33060, 65448, 65496, 65499] 
868.753 33060 1 0 1 0 0 8952 41720 82 4 [33060, 65448, 65496, 65499] 
869.753 33060 1 0 1 0 0 8952 41720 82 4 [33060, 65448, 65496, 65499] 
870.753 33060 1 0 1 0 0 8952 41720 82 4 [33060, 65448, 65496, 65499] 
871.753 33060 1 0 1 0 0 8952 41720 82 4 [33060, 65448, 65496, 65499] 
872.753 33060 1 0 1 0 0 8952 41720 82 4 [33060, 65448, 65496, 65499] 
873.753 33060 1 0 1 0 0 8952 41720 82 4 [33060, 65448, 65496, 65499] 
874.753 33060 1 0 1 0 0 8952 41720 82 4 [33060, 65448, 65496, 65499] 
875.753 33060 1 0 1 0 0 8952 41720 82 4 [33060, 65448, 65496, 65499] 
876.753 33060 1 0 1 0 0 8952 41720 82 4 [33060, 65448, 65496, 65499] 
877.753 33060 1 0 1 0 0 8952 41720 82 4 [33060, 65448, 65496, 65499] 
878.753 33060 1 0 1 0 0 8952 41720 82 4 [33060, 65448, 65496, 65499] 
879.753 33060 1 0 0 0 0 8952 41720 82 4 [33060, 65448, 65496, 65499] 
880.753 33060 1 0 0 0 0 8952 41720 82 4 [33060, 65448, 65496, 65499] 
881.753 33060 1 0 0 0 0 8952 41720 82 4 [33060, 65448, 65496, 65499] 
882.753 33060 1 0 0 0 0 8952 41720 82 4 [33060, 65448, 65496, 65499] 
883.753 33060 1 0 1 0 0 8952 41720 82 4 [33060, 65448, 65496, 65499] 
884.753 33060 1 0 1 0 0 8952 41720 82 4 [33060, 65448, 65496, 65499] 
885.753 33060 1 0 1 0 0 8952 41720 82 4 [33060, 65448, 65496, 65499] 
886.753 33060 1 0 1 0 0 8952 41720 82 4 [33060, 65448, 65496, 65499] 
887.753 33060 1 0 1 0 0 8952 41720 82 4 [33060, 65448, 65496, 65499] 
888.753 33060 1 0 1 0 0 8952 41720 82 4 [33060, 65448, 65496, 65499] 
889.753 33060 1 0 1 0 0 8952 41720 82 4 [33060, 65448, 65496, 65499] 
890.753 33060 1 0 1 0 0 8952 41720 82 4 [33060, 65448, 65496, 65499] 
891.753 33060 1 0 1 0 0 8952 41720 82 4 [33060, 65448, 65496, 65499] 
892.753 33060 1 0 1 0 0 8952 41720 82 4 [33060, 65448, 65496, 65499] 
893.753 33060 1 0 1 0 0 8952 41720 82 4 [33060, 65448, 65496, 65499] 
894.753 33060 1 0 1 0 0 8952 41720 82 4 [33060, 65448, 65496, 65499] 
895.753 33060 1 0 1 0 0 8952 41720 82 4 [33060, 65448, 65496, 65499] 
896.753 33060 1 0 1 0 0 8952 41720 82 4 [33060, 65448, 65496, 65499] 
897.753 33060 1 0 1 0 0 8952 41720 82 4 [33060, 65448, 65496, 65499] 
898.753 33060 1 0 1 0 0 8952 41720 82 4 [33060, 65448, 65496, 65499] 
899.753 33060 1 0 1 0 0 8952 41720 82 4 [33060, 65448, 65496, 65499] 
900.753 33060 1 0 1 0 0 8952 41720 82 4 [33060, 65448, 65496, 65499] 
901.753 33060 1 0 1 0 0 8952 41720 82 4 [33060, 65448, 65496, 65499] 
902.753 33060 1 0 1 0 0 8952 41720 82 4 [33060, 65448, 65496, 65499] 
903.753 33060 1 0 1 0 0 8952 41720 82 4 [33060, 65448, 65496, 65499] 
904.753 33060 1 0 1 0 0 8952 41720 82 4 [33060, 65448, 65496, 65499] 
905.753 33060 1 0 1 0 0 8952 41720 82 4 [33060, 65448, 65496, 65499] 
906.753 33060 1 0 1 0 0 8952 41720 82 4 [33060, 65448, 65496, 65499] 
907.753 33060 1 0 1 0 0 8952 41720 82 4 [33060, 65448, 65496, 65499] 
908.753 33060 1 0 1 0 0 8952 41720 82 4 [33060, 65448, 65496, 65499] 
909.753 33060 1 0 1 0 0 8952 41720 82 4 [33060, 65448, 65496, 65499] 
910.753 33060 1 0 1 0 0 8952 41720 82 4 [33060, 65448, 65496, 65499] 
911.753 33060 1 0 1 0 0 8952 41720 82 4 [33060, 65448, 65496, 65499] 
912.753 33060 1 0 1 0 0 8952 41720 82 4 [33060, 65448, 65496, 65499] 
913.753 33060 1 0 1 0 0 8952 41720 82 4 [33060, 65448, 65496, 65499] 
914.753 33060 1 0 1 0 0 8952 41720 82 4 [33060, 65448, 65496, 65499] 
915.753 33060 1 0 1 0 0 8952 41720 82 4 [33060, 65448, 65496, 65499] 
916.753 33060 1 0 1 0 0 8952 41720 82 4 [33060, 65448, 65496, 65499] 
917.753 33060 1 0 1 0 0 8952 41720 82 4 [33060, 65448, 65496, 65499] 
918.753 33060 1 0 1 0 0 8952 41720 82 4 [33060, 65448, 65496, 65499] 
919.753 33060 1 0 1 0 0 8952 41720 82 4 [33060, 65448, 65496, 65499] 
920.753 33060 1 0 1 0 0 8952 41720 82 4 [33060, 65448, 65496, 65499] 
921.753 33060 1 0 1 0 0 8952 41720 82 4 [33060, 65448, 65496, 65499] 
922.753 33060 1 0 1 0 0 8952 41720 82 4 [33060, 65448, 65496, 65499] 
923.753 33060 1 0 1 0 0 8952 41720 82 4 [33060, 65448, 65496, 65499] 
924.753 33060 1 0 1 0 0 8952 41720 82 4 [33060, 65448, 65496, 65499] 
925.753 33060 1 0 1 0 0 8952 41720 82 4 [33060, 65448, 65496, 65499] 
926.753 33060 1 0 1 0 0 8952 41720 82 4 [33060, 65448, 65496, 65499] 
927.753 33060 1 0 1 0 0 8952 41720 82 4 [33060, 65448, 65496, 65499] 
928.753 33060 1 0 1 0 0 8952 41720 82 4 [33060, 65448, 65496, 65499] 
929.753 33060 1 0 1 0 0 8952 41720 82 4 [33060, 65448, 65496, 65499] 
930.753 33060 1 0 1 0 0 8952 41720 82 4 [33060, 65448, 65496, 65499] 
931.753 33060 1 0 1 0 0 8952 41720 82 4 [33060, 65448, 65496, 65499] 
932.753 33060 1 0 1 0 0 8952 41720 82 4 [33060, 65448, 65496, 65499] 
933.753 33060 1 0 1 0 0 8952 41720 82 4 [33060, 65448, 65496, 65499] 
934.753 33060 1 0 1 0 0 8952 41720 82 4 [33060, 65448, 65496, 65499] 
935.753 33060 1 0 1 0 0 8952 41720 82 4 [33060, 65448, 65496, 65499] 
936.753 33060 1 0 1 0 0 8952 41720 82 4 [33060, 65448, 65496, 65499] 
937.753 33060 1 0 1 0 0 8952 41720 82 4 [33060, 65448, 65496, 65499] 
938.753 33060 1 0 1 0 0 8952 41720 82 4 [33060, 65448, 65496, 65499] 
939.753 33060 1 0 1 0 0 8952 41720 82 4 [33060, 65448, 65496, 65499] 
940.753 33060 1 0 1 0 0 8952 41720 82 4 [33060, 65448, 65496, 65499] 
941.753 33060 1 0 1 0 0 8952 41720 82 4 [33060, 65448, 65496, 65499] 
942.753 33060 1 0 1 0 0 8952 41720 82 4 [33060, 65448, 65496, 65499] 
943.753 33060 1 0 1 0 0 8952 41720 82 4 [33060, 65448, 65496, 65499] 
944.753 33060 1 0 1 0 0 8952 41720 82 4 [33060, 65448, 65496, 65499] 
945.753 33060 1 0 1 0 0 8952 41720 82 4 [33060, 65448, 65496, 65499] 
946.753 33060 1 0 1 0 0 8952 41720 82 4 [33060, 65448, 65496, 65499] 
947.753 33060 1 0 1 0 0 8952 41720 82 4 [33060, 65448, 65496, 65499] 
948.753 33060 1 0 1 0 0 8952 41720 82 4 [33060, 65448, 65496, 65499] 
949.753 33060 1 0 1 0 0 8952 41720 82 4 [33060, 65448, 65496, 65499] 
950.753 33060 1 0 1 0 0 8952 41720 82 4 [33060, 65448, 65496, 65499] 
951.753 33060 1 0 1 0 0 8952 41720 82 4 [33060, 65448, 65496, 65499] 
952.753 33060 1 0 1 0 0 8952 41720 82 4 [33060, 65448, 65496, 65499] 
953.753 33060 1 0 1 0 0 8952 41720 82 4 [33060, 65448, 65496, 65499] 
954.753 33060 1 0 1 0 0 8952 41720 82 4 [33060, 65448, 65496, 65499] 
955.753 33060 1 0 1 0 0 8952 41720 82 4 [33060, 65448, 65496, 65499] 
956.753 33060 1 0 1 0 0 8952 41720 82 4 [33060, 65448, 65496, 65499] 
957.753 33060 1 0 1 0 0 8952 41720 82 4 [33060, 65448, 65496, 65499] 
958.753 33060 1 0 1 0 0 8952 41720 82 4 [33060, 65448, 65496, 65499] 
959.753 33060 1 0 1 0 0 8952 41720 82 4 [33060, 65448, 65496, 65499] 
960.753 33060 1 0 1 0 0 8952 41720 82 4 [33060, 65448, 65496, 65499] 
961.753 33060 1 0 1 0 0 8952 41720 82 4 [33060, 65448, 65496, 65499] 
962.753 33060 1 0 1 0 0 8952 41720 82 4 [33060, 65448, 65496, 65499] 
963.753 33060 1 0 1 0 0 8952 41720 82 4 [33060, 65448, 65496, 65499] 
964.753 33060 1 0 1 0 0 8952 41720 82 4 [33060, 65448, 65496, 65499] 
965.753 33060 1 0 1 0 0 8952 41720 82 4 [33060, 65448, 65496, 65499] 
966.753 33060 1 0 1 0 0 8952 41720 82 4 [33060, 65448, 65496, 65499] 
967.753 33060 1 0 1 0 0 8952 41720 82 4 [33060, 65448, 65496, 65499] 
968.753 33060 1 0 1 0 0 8952 41720 82 4 [33060, 65448, 65496, 65499] 
969.753 33060 1 0 1 0 0 8952 41720 82 4 [33060, 65448, 65496, 65499] 
970.753 33060 1 0 1 0 0 8952 41720 82 4 [33060, 65448, 65496, 65499] 
971.753 33060 1 0 1 0 0 8952 41720 82 4 [33060, 65448, 65496, 65499] 
972.753 33060 1 0 1 0 0 8952 41720 82 4 [33060, 65448, 65496, 65499] 
973.753 33060 1 0 1 0 0 8952 41720 82 4 [33060, 65448, 65496, 65499] 
974.753 33060 1 0 1 0 0 8952 41720 82 4 [33060, 65448, 65496, 65499] 
975.753 33060 1 0 1 0 0 8952 41720 82 4 [33060, 65448, 65496, 65499] 
976.753 33060 1 0 1 0 0 8952 41720 82 4 [33060, 65448, 65496, 65499] 
977.753 33060 1 0 1 0 0 8952 41720 82 4 [33060, 65448, 65496, 65499] 
978.753 33060 1 0 1 0 0 8952 41720 82 4 [33060, 65448, 65496, 65499] 
979.753 33060 1 0 1 0 0 8952 41720 82 4 [33060, 65448, 65496, 65499] 
980.753 33060 1 0 1 0 0 8952 41720 82 4 [33060, 65448, 65496, 65499] 
981.753 33060 1 0 1 0 0 8952 41720 82 4 [33060, 65448, 65496, 65499] 
982.753 33060 1 0 1 0 0 8952 41720 82 4 [33060, 65448, 65496, 65499] 
983.753 33060 1 0 1 0 0 8952 41720 82 4 [33060, 65448, 65496, 65499] 
984.753 33060 1 0 1 0 0 8952 41720 82 4 [33060, 65448, 65496, 65499] 
985.753 33060 1 0 1 0 0 8952 41720 82 4 [33060, 65448, 65496, 65499] 
986.753 33060 1 0 1 0 0 8952 41720 82 4 [33060, 65448, 65496, 65499] 
987.753 33060 1 0 1 0 0 8952 41720 82 4 [33060, 65448, 65496, 65499] 
988.753 33060 1 0 1 0 0 8952 41720 82 4 [33060, 65448, 65496, 65499] 
989.753 33060 1 0 1 0 0 8952 41720 82 4 [33060, 65448, 65496, 65499] 
990.753 33060 1 0 1 0 0 8952 41720 82 4 [33060, 65448, 65496, 65499] 
991.753 33060 1 0 1 0 0 8952 41720 82 4 [33060, 65448, 65496, 65499] 
992.753 33060 1 0 1 0 0 8952 41720 82 4 [33060, 65448, 65496, 65499] 
993.753 33060 1 0 1 0 0 8952 41720 82 4 [33060, 65448, 65496, 65499] 
994.753 33060 1 0 1 0 0 8952 41720 82 4 [33060, 65448, 65496, 65499] 
995.753 33060 1 0 1 0 0 8952 41720 82 4 [33060, 65448, 65496, 65499] 
996.753 33060 1 0 1 0 0 8952 41720 82 4 [33060, 65448, 65496, 65499] 
997.753 33060 1 0 1 0 0 8952 41720 82 4 [33060, 65448, 65496, 65499] 
998.753 33060 1 0 1 0 0 8952 41720 82 4 [33060, 65448, 65496, 65499] 
999.753 33060 1 0 1 0 0 8952 41720 82 4 [33060, 65448, 65496, 65499] 
1000.75 33060 1 0 1 0 0 8952 41720 82 4 [33060, 65448, 65496, 65499] 
1001.75 33060 1 0 1 0 0 8952 41720 82 4 [33060, 65448, 65496, 65499] 
1002.75 33060 1 0 1 0 0 8952 41720 82 4 [33060, 65448, 65496, 65499] 
1003.75 33060 1 0 1 0 0 8952 41720 82 4 [33060, 65448, 65496, 65499] 
1004.75 33060 1 0 1 0 0 8952 41720 82 4 [33060, 65448, 65496, 65499] 
1005.75 33060 1 0 1 1 1 8952 41720 82 4 [33060, 65448, 65496, 65499] 
1006.75 33060 1 0 1 1 1 8952 41720 82 4 [33060, 65448, 65496, 65499] 
1007.75 33060 1 0 1 1 1 8952 41720 82 4 [33060, 65448, 65496, 65499] 
1008.75 33060 1 0 1 1 1 8952 41720 82 4 [33060, 65448, 65496, 65499] 
1009.75 33060 1 0 1 1 1 8952 41720 82 4 [33060, 65448, 65496, 65499] 
1010.75 33060 1 0 1 1 1 8952 41720 82 4 [33060, 65448, 65496, 65499] 
1011.75 33060 1 0 1 1 1 8952 41720 82 4 [33060, 65448, 65496, 65499] 
1012.75 33060 1 0 1 1 1 8952 41720 82 4 [33060, 65448, 65496, 65499] 
1013.75 33060 1 0 1 1 1 8952 41720 82 4 [33060, 65448, 65496, 65499] 
1014.75 33060 1 0 1 1 1 8952 41720 82 4 [33060, 65448, 65496, 65499] 
1015.75 33060 1 0 1 1 1 8952 41720 82 4 [33060, 65448, 65496, 65499] 
1016.75 33060 1 0 1 1 1 8952 41720 82 4 [33060, 65448, 65496, 65499] 
1017.75 33060 1 0 1 1 1 8952 41720 82 4 [33060, 65448, 65496, 65499] 
1018.75 33060 1 0 1 1 1 8952 41720 82 4 [33060, 65448, 65496, 65499] 
1019.75 33060 1 0 1 1 1 8952 41720 82 4 [33060, 65448, 65496, 65499] 
1020.75 33060 1 0 1 1 1 8952 41720 82 4 [33060, 65448, 65496, 65499] 
1021.75 33060 1 0 1 1 1 8952 41720 82 4 [33060, 65448, 65496, 65499] 
1022.75 33060 1 0 1 1 1 8952 41720 82 4 [33060, 65448, 65496, 65499] 
1023.75 33060 1 0 1 1 1 8952 41720 82 4 [33060, 65448, 65496, 65499] 
1024.75 33060 1 0 1 1 1 8952 41720 82 4 [33060, 65448, 65496, 65499] 
1025.75 33060 1 0 1 1 1 8952 41720 82 4 [33060, 65448, 65496, 65499] 
1026.75 33060 1 0 1 1 1 8952 41720 82 4 [33060, 65448, 65496, 65499] 
1027.75 33060 1 0 1 1 1 8952 41720 82 4 [33060, 65448, 65496, 65499] 
1028.75 33060 1 0 1 1 1 8952 41720 82 4 [33060, 65448, 65496, 65499] 
1029.75 33060 1 0 1 1 1 8952 41720 82 4 [33060, 65448, 65496, 65499] 
1030.75 33060 1 0 1 1 1 8952 41720 82 4 [33060, 65448, 65496, 65499] 
1031.75 33060 1 0 1 1 1 8952 41720 82 4 [33060, 65448, 65496, 65499] 
1032.75 33060 1 0 1 1 1 8952 41720 82 4 [33060, 65448, 65496, 65499] 
1033.75 33060 1 0 0 1 1 8952 41720 82 4 [33060, 65448, 65496, 65499] 
1034.75 33060 1 0 0 1 1 8952 41720 82 4 [33060, 65448, 65496, 65499] 
1035.75 33060 1 0 0 1 1 8952 41720 82 5 [33060, 65448, 65496, 65497, 65499] 
1036.75 33060 1 0 0 1 1 8952 41720 82 5 [33060, 65448, 65496, 65497, 65499] 
1037.75 33060 1 0 0 1 1 8952 41720 82 5 [33060, 65448, 65496, 65497, 65499] 
1038.76 33060 1 0 0 1 1 8952 41720 82 5 [33060, 65448, 65496, 65497, 65499] 
1039.76 33060 1 0 0 1 1 8952 41720 82 5 [33060, 65448, 65496, 65497, 65499] 
1040.76 33060 1 0 0 1 1 8952 41720 82 5 [33060, 65448, 65496, 65497, 65499] 
1041.76 33060 1 0 0 1 1 8952 41720 82 5 [33060, 65448, 65496, 65497, 65499] 
1042.76 33060 2 0 0 1 1 8952 41720 82 4 [65448, 65496, 65497, 65499] 
1043.76 33060 1 0 0 1 1 8952 41720 82 5 [33060, 65448, 65496, 65497, 65499] 
1044.76 33060 1 0 0 1 1 8952 41720 82 5 [33060, 65448, 65496, 65497, 65499] 
1045.76 33060 1 0 0 1 1 8952 41720 82 5 [33060, 65448, 65496, 65497, 65499] 
1046.76 33060 1 0 0 1 1 8952 41720 82 5 [33060, 65448, 65496, 65497, 65499] 
1047.76 33060 1 0 0 1 1 8952 41720 82 5 [33060, 65448, 65496, 65497, 65499] 
1048.76 33060 1 0 0 1 1 8952 41720 82 5 [33060, 65448, 65496, 65497, 65499] 
1049.76 33060 1 0 0 1 1 8952 41720 82 5 [33060, 65448, 65496, 65497, 65499] 
1050.76 33060 1 0 0 1 1 8952 41720 82 5 [33060, 65448, 65496, 65497, 65499] 
1051.76 33060 1 0 0 1 1 8952 41720 82 5 [33060, 65448, 65496, 65497, 65499] 
1052.76 33060 1 0 0 1 1 8952 41720 82 5 [33060, 65448, 65496, 65497, 65499] 
1053.76 33060 1 0 1 1 1 8952 41720 82 6 [33060, 65448, 65496, 65497, 65498, 65499] 
1054.76 33060 1 0 1 1 1 8952 41720 82 5 [33060, 65448, 65496, 65498, 65499] 
1055.76 33060 1 0 0 1 1 8952 41720 82 6 [33060, 65448, 65496, 65497, 65498, 65499] 
1056.76 33060 1 0 0 1 1 8952 41720 82 6 [33060, 65448, 65496, 65497, 65498, 65499] 
1057.76 33060 1 0 0 1 1 8952 41720 82 6 [33060, 65448, 65496, 65497, 65498, 65499] 
1058.76 33060 1 0 0 1 1 8952 41720 82 6 [33060, 65448, 65496, 65497, 65498, 65499] 
1059.78 33060 1 0 0 1 1 8952 41720 82 6 [33060, 65448, 65496, 65497, 65498, 65499] 
1060.78 33060 1 0 0 1 1 8952 41720 82 6 [33060, 65448, 65496, 65497, 65498, 65499] 
1061.78 33060 1 0 0 1 1 8952 41720 82 6 [33060, 65448, 65496, 65497, 65498, 65499] 
1062.78 33060 1 0 0 1 1 8952 41720 82 6 [33060, 65448, 65496, 65497, 65498, 65499] 
1063.78 33060 1 0 0 1 1 8952 41720 82 6 [33060, 65448, 65496, 65497, 65498, 65499] 
1064.78 33060 1 0 0 1 1 8952 41720 82 6 [33060, 65448, 65496, 65497, 65498, 65499] 
1065.78 33060 1 0 0 1 1 8952 41720 82 6 [33060, 65448, 65496, 65497, 65498, 65499] 
1066.78 33060 1 0 0 1 1 8952 41720 82 6 [33060, 65448, 65496, 65497, 65498, 65499] 
1067.79 33060 1 0 0 1 1 8952 41720 82 6 [33060, 65448, 65496, 65497, 65498, 65499] 
1068.79 33060 1 0 0 1 1 8952 41720 82 6 [33060, 65448, 65496, 65497, 65498, 65499] 
1069.79 33060 1 0 0 1 1 8952 41720 82 6 [33060, 65448, 65496, 65497, 65498, 65499] 
1070.79 33060 1 0 0 1 1 8952 41720 82 6 [33060, 65448, 65496, 65497, 65498, 65499] 
1071.79 33060 1 0 0 1 1 8952 41720 82 6 [33060, 65448, 65496, 65497, 65498, 65499] 
1072.79 33060 1 0 0 1 1 8952 41720 82 6 [33060, 65448, 65496, 65497, 65498, 65499] 
1073.79 33060 2 0 0 1 1 8952 41720 82 5 [65448, 65496, 65497, 65498, 65499] 
1074.79 33060 1 0 0 1 1 8952 41720 82 6 [33060, 65448, 65496, 65497, 65498, 65499] 
1075.79 33060 1 0 0 1 1 8952 41720 82 6 [33060, 65448, 65496, 65497, 65498, 65499] 
1076.81 33060 1 0 1 1 1 8952 41720 82 6 [33060, 65448, 65496, 65497, 65498, 65499] 
1077.81 33060 1 0 1 1 1 8952 41720 82 6 [33060, 65448, 65496, 65497, 65498, 65499] 
1078.82 33060 1 0 1 1 1 8952 41720 82 6 [33060, 65448, 65496, 65497, 65498, 65499] 
1079.82 33060 1 0 1 1 1 8952 41720 82 6 [33060, 65448, 65496, 65497, 65498, 65499] 
1080.82 33060 1 0 1 1 1 8952 41720 82 6 [33060, 65448, 65496, 65497, 65498, 65499] 
1081.82 33060 1 0 1 1 1 8952 41720 82 6 [33060, 65448, 65496, 65497, 65498, 65499] 
1082.82 33060 1 0 1 1 1 8952 41720 82 6 [33060, 65448, 65496, 65497, 65498, 65499] 
1083.82 33060 1 0 1 1 1 8952 41720 82 6 [33060, 65448, 65496, 65497, 65498, 65499] 
1084.82 33060 1 0 1 1 1 8952 41720 82 6 [33060, 65448, 65496, 65497, 65498, 65499] 
1085.82 33060 1 0 1 1 1 8952 41720 82 6 [33060, 65448, 65496, 65497, 65498, 65499] 
1086.82 33060 1 0 1 1 1 8952 41720 82 6 [33060, 65448, 65496, 65497, 65498, 65499] 
1087.82 33060 1 0 1 1 1 8952 41720 82 6 [33060, 65448, 65496, 65497, 65498, 65499] 
1088.82 33060 1 0 1 1 1 8952 41720 82 6 [33060, 65448, 65496, 65497, 65498, 65499] 
1089.82 33060 1 0 1 1 1 8952 41720 82 6 [33060, 65448, 65496, 65497, 65498, 65499] 
1090.82 33060 1 0 1 1 1 8952 41720 82 6 [33060, 65448, 65496, 65497, 65498, 65499] 
1091.83 33060 1 0 1 1 1 8952 41720 82 6 [33060, 65448, 65496, 65497, 65498, 65499] 
1092.83 33060 1 0 0 1 1 8952 41720 82 6 [33060, 65448, 65496, 65497, 65498, 65499] 
1093.84 33060 1 0 0 1 1 8952 41720 82 6 [33060, 65448, 65496, 65497, 65498, 65499] 
1094.84 33060 1 0 0 1 1 8952 41720 82 6 [33060, 65448, 65496, 65497, 65498, 65499] 
1095.84 33060 1 0 0 1 1 8952 41720 82 6 [33060, 65448, 65496, 65497, 65498, 65499] 
1096.85 33060 1 0 1 1 1 8952 41720 82 6 [33060, 65448, 65496, 65497, 65498, 65499] 
1097.85 33060 1 0 1 1 1 8952 41720 82 6 [33060, 65448, 65496, 65497, 65498, 65499] 
1098.85 33060 1 0 1 1 1 8952 41720 82 6 [33060, 65448, 65496, 65497, 65498, 65499] 
1099.86 33060 1 0 1 1 1 8952 41720 82 6 [33060, 65448, 65496, 65497, 65498, 65499] 
1100.87 33060 1 0 1 1 1 8952 41720 82 6 [33060, 65448, 65496, 65497, 65498, 65499] 
1101.87 33060 1 0 1 1 1 8952 41720 82 6 [33060, 65448, 65496, 65497, 65498, 65499] 
1102.87 33060 1 0 1 0 0 8952 41720 82 6 [33060, 65448, 65496, 65497, 65498, 65499] 
1103.87 33060 1 0 1 0 0 8952 41720 82 6 [33060, 65448, 65496, 65497, 65498, 65499] 
1104.89 33060 1 0 1 0 0 8952 41720 82 6 [33060, 65448, 65496, 65497, 65498, 65499] 
1105.89 33060 1 0 1 0 0 8952 41720 82 6 [33060, 65448, 65496, 65497, 65498, 65499] 
1106.89 33060 1 0 1 0 0 8952 41720 82 6 [33060, 65448, 65496, 65497, 65498, 65499] 
1107.89 33060 1 0 1 0 0 8952 41720 82 6 [33060, 65448, 65496, 65497, 65498, 65499] 
1108.89 33060 1 0 1 0 0 8952 41720 82 6 [33060, 65448, 65496, 65497, 65498, 65499] 
1109.89 33060 1 0 1 0 0 8952 41720 82 6 [33060, 65448, 65496, 65497, 65498, 65499] 
1110.9 33060 1 0 1 0 0 8952 41720 82 6 [33060, 65448, 65496, 65497, 65498, 65499] 
1111.9 33060 1 0 1 0 0 8952 41720 82 6 [33060, 65448, 65496, 65497, 65498, 65499] 
1112.9 33060 1 0 1 0 0 8952 41720 82 6 [33060, 65448, 65496, 65497, 65498, 65499] 
1113.91 33060 1 0 1 0 0 8952 41720 82 6 [33060, 65448, 65496, 65497, 65498, 65499] 
1114.91 33060 1 0 1 0 0 8952 41720 82 6 [33060, 65448, 65496, 65497, 65498, 65499] 
1115.93 33060 1 0 1 0 0 8952 41720 82 6 [33060, 65448, 65496, 65497, 65498, 65499] 
1116.93 33060 1 0 1 0 0 8952 41720 82 6 [33060, 65448, 65496, 65497, 65498, 65499] 
1117.93 33060 1 0 1 0 0 8952 41720 82 6 [33060, 65448, 65496, 65497, 65498, 65499] 
1118.93 33060 1 0 1 0 0 8952 41720 82 6 [33060, 65448, 65496, 65497, 65498, 65499] 
1119.93 33060 1 0 1 0 0 8952 41720 82 6 [33060, 65448, 65496, 65497, 65498, 65499] 
1120.93 33060 1 0 1 0 0 8952 41720 82 6 [33060, 65448, 65496, 65497, 65498, 65499] 
1121.93 33060 1 0 1 0 0 8952 41720 82 6 [33060, 65448, 65496, 65497, 65498, 65499] 
1122.94 33060 1 0 1 0 0 8952 41720 82 6 [33060, 65448, 65496, 65497, 65498, 65499] 
1123.94 33060 1 0 1 0 0 8952 41720 82 6 [33060, 65448, 65496, 65497, 65498, 65499] 
1124.94 33060 1 0 1 0 0 8952 41720 82 6 [33060, 65448, 65496, 65497, 65498, 65499] 
1125.95 33060 1 0 1 0 0 8952 41720 82 6 [33060, 65448, 65496, 65497, 65498, 65499] 
1126.95 33060 1 0 1 0 0 8952 41720 82 6 [33060, 65448, 65496, 65497, 65498, 65499] 
1127.95 33060 1 0 1 0 0 8952 41720 82 6 [33060, 65448, 65496, 65497, 65498, 65499] 
1128.95 33060 1 0 1 0 0 8952 41720 82 6 [33060, 65448, 65496, 65497, 65498, 65499] 
1129.96 33060 1 0 1 0 0 8952 41720 82 6 [33060, 65448, 65496, 65497, 65498, 65499] 
1130.96 33060 1 0 1 0 0 8952 41720 82 6 [33060, 65448, 65496, 65497, 65498, 65499] 
1131.96 33060 1 0 1 0 0 8952 41720 82 6 [33060, 65448, 65496, 65497, 65498, 65499] 
1132.96 33060 1 0 0 0 0 8952 41720 82 6 [33060, 65448, 65496, 65497, 65498, 65499] 
1133.96 33060 1 0 0 0 0 8952 41720 82 6 [33060, 65448, 65496, 65497, 65498, 65499] 
1134.96 33060 1 0 0 0 0 8952 41720 82 6 [33060, 65448, 65496, 65497, 65498, 65499] 
1135.97 33060 1 0 0 0 0 8952 41720 82 6 [33060, 65448, 65496, 65497, 65498, 65499] 
1136.97 33060 1 0 1 0 0 8952 41720 82 6 [33060, 65448, 65496, 65497, 65498, 65499] 
1137.97 33060 1 0 1 0 0 8952 41720 82 6 [33060, 65448, 65496, 65497, 65498, 65499] 
1138.98 33060 1 0 1 0 0 8952 41720 82 6 [33060, 65448, 65496, 65497, 65498, 65499] 
1139.98 33060 1 0 1 0 0 8952 41720 82 6 [33060, 65448, 65496, 65497, 65498, 65499] 
1140.98 33060 1 0 1 0 0 8952 41720 82 6 [33060, 65448, 65496, 65497, 65498, 65499] 
1141.99 33060 1 0 1 0 0 8952 41720 82 6 [33060, 65448, 65496, 65497, 65498, 65499] 
1142.99 33060 1 0 1 0 0 8952 41720 82 6 [33060, 65448, 65496, 65497, 65498, 65499] 
1143.99 33060 1 0 1 0 0 8952 41720 82 6 [33060, 65448, 65496, 65497, 65498, 65499] 
1144.99 33060 1 0 1 0 0 8952 41720 82 6 [33060, 65448, 65496, 65497, 65498, 65499] 
1145.99 33060 1 0 1 0 0 8952 41720 82 6 [33060, 65448, 65496, 65497, 65498, 65499] 
1147 33060 1 0 1 0 0 8952 41720 82 6 [33060, 65448, 65496, 65497, 65498, 65499] 
1148 33060 1 0 1 0 0 8952 41720 82 6 [33060, 65448, 65496, 65497, 65498, 65499] 
1149 33060 1 0 1 0 0 8952 41720 82 6 [33060, 65448, 65496, 65497, 65498, 65499] 
1150.01 33060 1 0 1 0 0 8952 41720 82 6 [33060, 65448, 65496, 65497, 65498, 65499] 
1151.01 33060 1 0 1 0 0 8952 41720 82 6 [33060, 65448, 65496, 65497, 65498, 65499] 
1152.02 33060 1 0 1 0 0 8952 41720 82 6 [33060, 65448, 65496, 65497, 65498, 65499] 
1153.03 33060 1 0 1 0 0 8952 41720 82 6 [33060, 65448, 65496, 65497, 65498, 65499] 
1154.03 33060 1 0 1 0 0 8952 41720 82 6 [33060, 65448, 65496, 65497, 65498, 65499] 
1155.03 33060 1 0 1 0 0 8952 41720 82 6 [33060, 65448, 65496, 65497, 65498, 65499] 
1156.03 33060 1 0 1 0 0 8952 41720 82 7 [33060, 65448, 65449, 65496, 65497, 65498, 65499] 
1157.04 33060 1 0 1 0 0 8952 41720 82 7 [33060, 65448, 65449, 65496, 65497, 65498, 65499] 
1158.05 33060 1 0 1 0 0 8952 41720 82 7 [33060, 65448, 65449, 65496, 65497, 65498, 65499] 
1159.05 33060 1 0 1 0 0 8952 41720 82 7 [33060, 65448, 65449, 65496, 65497, 65498, 65499] 
1160.07 33060 1 0 1 0 0 8952 41720 82 7 [33060, 65448, 65449, 65496, 65497, 65498, 65499] 
1161.07 33060 1 0 1 0 0 8952 41720 82 7 [33060, 65448, 65449, 65496, 65497, 65498, 65499] 
1162.08 33060 1 0 1 0 0 8952 41720 82 7 [33060, 65448, 65449, 65496, 65497, 65498, 65499] 
1163.09 33060 1 0 1 0 0 8952 41720 82 7 [33060, 65448, 65449, 65496, 65497, 65498, 65499] 
1164.09 33060 1 0 1 0 0 8952 41720 82 7 [33060, 65448, 65449, 65496, 65497, 65498, 65499] 
1165.09 33060 1 0 1 0 0 8952 41720 82 7 [33060, 65448, 65449, 65496, 65497, 65498, 65499] 
1166.09 33060 1 0 1 0 0 8952 41720 82 7 [33060, 65448, 65449, 65496, 65497, 65498, 65499] 
1167.09 33060 1 0 1 0 0 8952 41720 82 7 [33060, 65448, 65449, 65496, 65497, 65498, 65499] 
1168.1 33060 1 0 1 0 0 8952 41720 82 7 [33060, 65448, 65449, 65496, 65497, 65498, 65499] 
1169.1 33060 2 0 0 0 0 8952 41720 82 6 [65448, 65449, 65496, 65497, 65498, 65499] 
1170.11 33060 2 0 0 0 0 8952 41720 82 6 [65448, 65449, 65496, 65497, 65498, 65499] 
1171.12 33060 2 0 0 0 0 8952 41720 82 6 [65448, 65449, 65496, 65497, 65498, 65499] 
1172.14 33060 1 0 0 0 0 8952 41720 82 7 [33060, 65448, 65449, 65496, 65497, 65498, 65499] 
1173.14 33060 1 0 0 0 0 8952 41720 82 7 [33060, 65448, 65449, 65496, 65497, 65498, 65499] 
1174.14 33060 1 0 0 0 0 8952 41720 82 7 [33060, 65448, 65449, 65496, 65497, 65498, 65499] 
1175.15 33060 1 0 0 0 0 8952 41720 82 7 [33060, 65448, 65449, 65496, 65497, 65498, 65499] 
1176.15 33060 1 0 0 0 0 8952 41720 82 7 [33060, 65448, 65449, 65496, 65497, 65498, 65499] 
1177.17 33060 1 0 0 0 0 8952 41720 82 7 [33060, 65448, 65449, 65496, 65497, 65498, 65499] 
1178.18 33060 1 0 0 0 0 8952 41720 82 7 [33060, 65448, 65449, 65496, 65497, 65498, 65499] 
1179.19 33060 1 0 0 0 0 8952 41720 82 7 [33060, 65448, 65449, 65496, 65497, 65498, 65499] 
1180.21 33060 1 0 0 0 0 8952 41720 82 7 [33060, 65448, 65449, 65496, 65497, 65498, 65499] 
1181.21 33060 1 0 0 0 0 8952 41720 82 7 [33060, 65448, 65449, 65496, 65497, 65498, 65499] 
1182.23 33060 1 0 0 0 0 8952 41720 82 7 [33060, 65448, 65449, 65496, 65497, 65498, 65499] 
1183.23 33060 1 0 0 0 0 8952 41720 82 7 [33060, 65448, 65449, 65496, 65497, 65498, 65499] 
1184.24 33060 1 0 0 0 0 8952 41720 82 7 [33060, 65448, 65449, 65496, 65497, 65498, 65499] 
1185.26 33060 1 0 0 0 0 8952 41720 82 7 [33060, 65448, 65449, 65496, 65497, 65498, 65499] 
1186.28 33060 1 0 0 0 0 8952 41720 82 7 [33060, 65448, 65449, 65496, 65497, 65498, 65499] 
1187.29 33060 1 0 0 0 0 8952 41720 82 7 [33060, 65448, 65449, 65496, 65497, 65498, 65499] 
1188.3 33060 1 0 0 0 0 8952 41720 82 7 [33060, 65448, 65449, 65496, 65497, 65498, 65499] 
1189.3 33060 1 0 0 0 0 8952 41720 82 7 [33060, 65448, 65449, 65496, 65497, 65498, 65499] 
1190.31 33060 1 0 0 0 0 8952 41720 82 7 [33060, 65448, 65449, 65496, 65497, 65498, 65499] 
1191.33 33060 1 0 0 0 0 8952 41720 82 7 [33060, 65448, 65449, 65496, 65497, 65498, 65499] 
1192.34 33060 1 0 0 0 0 8952 41720 82 7 [33060, 65448, 65449, 65496, 65497, 65498, 65499] 
1193.34 33060 1 0 0 0 0 8952 41720 82 7 [33060, 65448, 65449, 65496, 65497, 65498, 65499] 
1194.36 33060 1 0 0 0 0 8952 41720 82 7 [33060, 65448, 65449, 65496, 65497, 65498, 65499] 
1195.37 33060 1 0 0 0 0 8952 41720 82 7 [33060, 65448, 65449, 65496, 65497, 65498, 65499] 
1196.38 33060 1 0 0 0 0 8952 41720 82 7 [33060, 65448, 65449, 65496, 65497, 65498, 65499] 
1197.38 33060 1 0 0 0 0 8952 41720 82 7 [33060, 65448, 65449, 65496, 65497, 65498, 65499] 
1198.39 33060 1 0 0 0 0 8952 41720 82 7 [33060, 65448, 65449, 65496, 65497, 65498, 65499] 
1199.41 33060 1 0 0 0 0 8952 41720 82 7 [33060, 65448, 65449, 65496, 65497, 65498, 65499] 
1200.41 33060 1 0 0 0 0 8952 41720 82 7 [33060, 65448, 65449, 65496, 65497, 65498, 65499] 
1201.41 33060 1 0 0 1 1 8952 41720 82 7 [33060, 65448, 65449, 65496, 65497, 65498, 65499] 
1202.42 33060 1 0 0 1 1 8952 41720 82 7 [33060, 65448, 65449, 65496, 65497, 65498, 65499] 
1203.42 33060 1 0 0 1 1 8952 41720 82 7 [33060, 65448, 65449, 65496, 65497, 65498, 65499] 
1204.42 33060 1 0 0 1 1 8952 41720 82 7 [33060, 65448, 65449, 65496, 65497, 65498, 65499] 
1205.42 33060 1 0 0 1 1 8952 41720 82 7 [33060, 65448, 65449, 65496, 65497, 65498, 65499] 
########################################################
# FCPP execution finished at: Thu Jan  1 00:20:12 1970 #
########################################################
