# log size 7149
########################################################
# FCPP execution started at:  Thu Jan  1 00:00:00 1970 #
########################################################
# 
#
# The columns have the following meaning:
# global_clock min_uid hop_dist bool_status max_stack max_heap max_msg degree nbr_list 
0 65449 0 1 1 0 0 8952 29432 0 0 [] 
46.1514 33060 1 0 1 0 0 8952 33528 76 2 [33060, 33115] 
47.1555 33060 1 0 0 0 0 8952 34552 76 2 [33060, 33115] 
48.1555 33060 1 0 0 0 0 8952 34552 76 2 [33060, 33115] 
49.1555 33060 1 0 0 0 0 8952 34552 76 2 [33060, 33115] 
50.1555 33060 1 0 0 0 0 8952 34552 76 2 [33060, 33115] 
51.1563 33060 1 0 0 0 0 8952 34552 76 2 [33060, 33115] 
52.1563 33060 1 0 0 0 0 8952 34552 76 2 [33060, 33115] 
53.1563 33060 1 0 0 0 0 8952 34552 76 2 [33060, 33115] 
54.1563 33060 1 0 0 0 0 8952 34552 76 2 [33060, 33115] 
55.1563 33060 1 0 0 0 0 8952 34552 76 2 [33060, 33115] 
56.1563 33060 1 0 0 0 0 8952 34552 76 2 [33060, 33115] 
57.1563 33060 1 1 0 0 0 8952 34552 76 1 [33060] 
58.1563 33060 1 1 1 0 0 8952 34552 76 1 [33060] 
59.1563 33060 1 0 1 0 0 8952 34552 76 2 [33060, 33115] 
60.1563 33060 1 0 1 0 0 8952 34552 76 2 [33060, 33115] 
61.1563 33060 1 0 1 0 0 8952 34552 76 2 [33060, 33115] 
62.1563 33060 1 0 1 0 0 8952 34552 76 2 [33060, 33115] 
63.1563 33060 1 0 0 0 0 8952 34552 76 2 [33060, 33115] 
64.1563 33060 1 0 0 0 0 8952 34552 76 2 [33060, 33115] 
65.1563 33060 1 0 0 0 0 8952 34552 76 2 [33060, 33115] 
66.1563 33060 1 0 0 0 0 8952 34552 76 2 [33060, 33115] 
67.1563 33060 1 0 0 0 0 8952 34552 76 2 [33060, 33115] 
68.1563 33060 1 1 0 0 0 8952 34552 76 1 [33060] 
69.1563 33060 1 1 1 0 0 8952 34552 76 1 [33060] 
70.1563 33060 1 0 1 0 0 8952 34552 76 2 [33060, 33115] 
71.1563 33060 1 0 1 0 0 8952 35576 76 3 [33060, 33115, 65499] 
72.1563 33060 1 0 1 0 0 8952 35576 76 3 [33060, 33115, 65499] 
73.1563 33060 1 0 0 0 0 8952 35576 76 3 [33060, 33115, 65499] 
74.1563 33060 1 0 0 0 0 8952 35576 76 3 [33060, 33115, 65499] 
75.1563 33060 1 0 0 0 0 8952 35576 76 3 [33060, 33115, 65499] 
76.1563 33060 1 0 0 0 0 8952 35576 76 3 [33060, 33115, 65499] 
77.1563 33060 1 0 0 0 0 8952 35576 76 3 [33060, 33115, 65499] 
78.1563 33060 1 0 0 0 0 8952 35576 76 3 [33060, 33115, 65499] 
79.1608 33060 1 0 0 0 0 8952 35576 76 3 [33060, 33115, 65499] 
80.1608 33060 1 0 0 0 0 8952 35576 76 3 [33060, 33115, 65499] 
81.1608 33060 1 0 0 0 0 8952 35576 76 3 [33060, 33115, 65499] 
82.1608 33060 1 0 0 0 0 8952 35576 76 3 [33060, 33115, 65499] 
83.1608 33060 1 0 0 0 0 8952 35576 76 3 [33060, 33115, 65499] 
84.1608 33060 1 0 0 0 0 8952 35576 76 3 [33060, 33115, 65499] 
85.1608 33060 1 0 0 0 0 8952 35576 76 3 [33060, 33115, 65499] 
86.1608 33060 1 0 0 0 0 8952 35576 76 3 [33060, 33115, 65499] 
87.1608 33060 1 0 0 0 0 8952 35576 76 3 [33060, 33115, 65499] 
88.1608 33060 1 0 0 0 0 8952 35576 76 3 [33060, 33115, 65499] 
89.1608 33060 1 0 0 0 0 8952 35576 76 3 [33060, 33115, 65499] 
90.1608 33060 1 0 0 0 0 8952 35576 76 3 [33060, 33115, 65499] 
91.1634 33060 1 0 0 0 0 8952 36600 76 4 [33060, 33115, 65496, 65499] 
92.1641 33060 1 0 0 0 0 8952 36600 76 4 [33060, 33115, 65496, 65499] 
93.1641 33060 1 0 0 0 0 8952 36600 76 4 [33060, 33115, 65496, 65499] 
94.1641 33060 1 0 0 0 0 8952 36600 76 4 [33060, 33115, 65496, 65499] 
95.1641 33060 1 0 0 0 0 8952 36600 76 4 [33060, 33115, 65496, 65499] 
96.1644 33060 1 0 0 0 0 8952 36600 76 4 [33060, 33115, 65496, 65499] 
97.1644 33060 1 0 0 0 0 8952 36600 76 4 [33060, 33115, 65496, 65499] 
98.1644 33060 1 0 0 0 0 8952 36600 76 4 [33060, 33115, 65496, 65499] 
99.1644 33060 1 0 0 0 0 8952 36600 76 4 [33060, 33115, 65496, 65499] 
100.164 33060 1 0 0 0 0 8952 36600 76 4 [33060, 33115, 65496, 65499] 
101.164 33060 1 0 0 0 0 8952 36600 76 4 [33060, 33115, 65496, 65499] 
102.164 33060 1 0 0 0 0 8952 36600 76 4 [33060, 33115, 65496, 65499] 
103.164 33060 1 0 0 0 0 8952 36600 76 4 [33060, 33115, 65496, 65499] 
104.164 33060 1 0 0 0 0 8952 36600 76 4 [33060, 33115, 65496, 65499] 
105.164 33060 1 0 0 0 0 8952 36600 76 4 [33060, 33115, 65496, 65499] 
106.164 33060 1 0 0 0 0 8952 36600 76 4 [33060, 33115, 65496, 65499] 
107.164 33060 1 0 0 0 0 8952 36600 76 4 [33060, 33115, 65496, 65499] 
108.164 33060 1 0 0 0 0 8952 36600 76 4 [33060, 33115, 65496, 65499] 
109.164 33060 1 0 0 0 0 8952 36600 76 4 [33060, 33115, 65496, 65499] 
110.164 33060 1 0 0 0 0 8952 37624 76 5 [33060, 33115, 65448, 65496, 65499] 
111.164 33060 1 0 0 0 0 8952 37624 76 5 [33060, 33115, 65448, 65496, 65499] 
112.164 33060 1 0 0 0 0 8952 38648 76 5 [33060, 33115, 65448, 65496, 65499] 
113.164 33060 1 0 0 0 0 8952 38648 76 5 [33060, 33115, 65448, 65496, 65499] 
114.164 33060 1 0 0 0 0 8952 38648 76 5 [33060, 33115, 65448, 65496, 65499] 
115.164 33060 1 0 0 0 0 8952 38648 76 5 [33060, 33115, 65448, 65496, 65499] 
116.164 33060 1 0 0 0 0 8952 38648 76 5 [33060, 33115, 65448, 65496, 65499] 
117.164 33060 1 0 0 0 0 8952 38648 76 5 [33060, 33115, 65448, 65496, 65499] 
118.164 33060 1 0 0 0 0 8952 38648 76 5 [33060, 33115, 65448, 65496, 65499] 
119.164 33060 1 0 0 0 0 8952 38648 76 5 [33060, 33115, 65448, 65496, 65499] 
120.164 33060 1 0 0 0 0 8952 38648 76 5 [33060, 33115, 65448, 65496, 65499] 
121.164 33060 1 0 0 0 0 8952 38648 76 4 [33060, 33115, 65448, 65499] 
122.164 33060 1 0 0 0 0 8952 38648 76 4 [33060, 33115, 65448, 65499] 
123.164 33060 1 0 0 0 0 8952 38648 76 4 [33060, 33115, 65448, 65499] 
124.164 33060 1 0 0 0 0 8952 38648 76 4 [33060, 33115, 65448, 65499] 
125.164 33060 1 0 0 0 0 8952 38648 76 4 [33060, 33115, 65448, 65499] 
126.164 33060 1 0 0 0 0 8952 38648 76 4 [33060, 33115, 65448, 65499] 
127.164 33060 1 0 0 0 0 8952 38648 76 4 [33060, 33115, 65448, 65499] 
128.164 33060 1 0 0 0 0 8952 38648 76 4 [33060, 33115, 65448, 65499] 
129.164 33060 1 0 0 0 0 8952 38648 76 4 [33060, 33115, 65448, 65499] 
130.164 33060 1 0 0 0 0 8952 38648 76 4 [33060, 33115, 65448, 65499] 
131.164 33060 1 0 0 0 0 8952 38648 76 4 [33060, 33115, 65448, 65499] 
132.164 33060 1 0 0 0 0 8952 38648 76 4 [33060, 33115, 65448, 65499] 
133.164 33060 1 0 0 0 0 8952 38648 76 4 [33060, 33115, 65448, 65499] 
134.164 33060 1 0 0 0 0 8952 38648 76 4 [33060, 33115, 65448, 65499] 
135.164 33060 1 0 0 0 0 8952 38648 76 4 [33060, 33115, 65448, 65499] 
136.164 33060 1 0 0 0 0 8952 38648 76 4 [33060, 33115, 65448, 65499] 
137.164 33060 1 0 0 0 0 8952 38648 76 4 [33060, 33115, 65448, 65499] 
138.164 33060 1 0 0 0 0 8952 39672 76 5 [33060, 33115, 65448, 65496, 65499] 
139.178 33060 1 0 0 0 0 8952 39672 76 6 [33060, 33115, 65448, 65496, 65498, 65499] 
140.178 33060 1 0 0 0 0 8952 39672 76 6 [33060, 33115, 65448, 65496, 65498, 65499] 
141.186 33060 1 0 0 0 0 8952 39672 76 6 [33060, 33115, 65448, 65496, 65498, 65499] 
142.186 33060 1 0 0 0 0 8952 39672 76 6 [33060, 33115, 65448, 65496, 65498, 65499] 
143.186 33060 1 0 0 0 0 8952 39672 76 6 [33060, 33115, 65448, 65496, 65498, 65499] 
144.186 33060 1 0 0 0 0 8952 39672 76 6 [33060, 33115, 65448, 65496, 65498, 65499] 
145.192 33060 1 0 0 0 0 8952 39672 76 6 [33060, 33115, 65448, 65496, 65498, 65499] 
146.192 33060 1 0 0 0 0 8952 39672 76 6 [33060, 33115, 65448, 65496, 65498, 65499] 
147.205 33060 1 0 0 0 0 8952 39672 76 6 [33060, 33115, 65448, 65496, 65498, 65499] 
148.205 33060 1 0 0 0 0 8952 39672 76 6 [33060, 33115, 65448, 65496, 65498, 65499] 
149.206 33060 1 0 0 0 0 8952 39672 76 6 [33060, 33115, 65448, 65496, 65498, 65499] 
150.206 33060 1 0 0 0 0 8952 39672 76 6 [33060, 33115, 65448, 65496, 65498, 65499] 
151.206 33060 1 0 0 0 0 8952 39672 76 6 [33060, 33115, 65448, 65496, 65498, 65499] 
152.206 33060 1 0 0 0 0 8952 39672 76 6 [33060, 33115, 65448, 65496, 65498, 65499] 
153.206 33060 1 0 0 0 0 8952 39672 76 6 [33060, 33115, 65448, 65496, 65498, 65499] 
154.206 33060 1 0 0 0 0 8952 39672 76 6 [33060, 33115, 65448, 65496, 65498, 65499] 
155.21 33060 1 0 0 0 0 8952 39672 76 6 [33060, 33115, 65448, 65496, 65498, 65499] 
156.213 33060 1 0 1 0 0 8952 40696 76 6 [33060, 33115, 65448, 65496, 65498, 65499] 
157.225 33060 1 0 0 0 0 8952 40696 76 6 [33060, 33115, 65448, 65496, 65498, 65499] 
158.225 33060 1 0 0 0 0 8952 40696 76 6 [33060, 33115, 65448, 65496, 65498, 65499] 
159.227 33060 1 0 0 0 0 8952 40696 76 6 [33060, 33115, 65448, 65496, 65498, 65499] 
160.227 33060 1 0 0 0 0 8952 40696 76 7 [33060, 33115, 65448, 65496, 65497, 65498, 65499] 
161.233 33060 1 0 0 0 0 8952 40696 76 7 [33060, 33115, 65448, 65496, 65497, 65498, 65499] 
162.235 33060 1 0 0 0 0 8952 41720 76 7 [33060, 33115, 65448, 65496, 65497, 65498, 65499] 
163.253 33060 1 0 0 0 0 8952 41720 76 7 [33060, 33115, 65448, 65496, 65497, 65498, 65499] 
164.253 33060 1 0 0 0 0 8952 41720 76 7 [33060, 33115, 65448, 65496, 65497, 65498, 65499] 
165.253 33060 1 0 0 0 0 8952 41720 76 7 [33060, 33115, 65448, 65496, 65497, 65498, 65499] 
166.253 33060 1 0 0 0 0 8952 41720 76 7 [33060, 33115, 65448, 65496, 65497, 65498, 65499] 
167.253 33060 1 0 0 0 0 8952 41720 76 7 [33060, 33115, 65448, 65496, 65497, 65498, 65499] 
168.253 33060 1 0 0 0 0 8952 41720 76 7 [33060, 33115, 65448, 65496, 65497, 65498, 65499] 
169.253 33060 1 0 0 0 0 8952 41720 76 6 [33060, 65448, 65496, 65497, 65498, 65499] 
170.253 33060 1 0 0 0 0 8952 41720 76 6 [33060, 65448, 65496, 65497, 65498, 65499] 
171.253 33060 1 0 0 0 0 8952 41720 76 6 [33060, 65448, 65496, 65497, 65498, 65499] 
172.254 33060 1 0 0 0 0 8952 41720 76 7 [33060, 33115, 65448, 65496, 65497, 65498, 65499] 
173.254 33060 1 0 0 0 0 8952 41720 76 7 [33060, 33115, 65448, 65496, 65497, 65498, 65499] 
174.264 33060 1 0 0 0 0 8952 41720 76 7 [33060, 33115, 65448, 65496, 65497, 65498, 65499] 
175.264 33060 1 0 0 0 0 8952 41720 76 7 [33060, 33115, 65448, 65496, 65497, 65498, 65499] 
176.264 33060 1 0 0 0 0 8952 41720 76 7 [33060, 33115, 65448, 65496, 65497, 65498, 65499] 
177.264 33060 1 0 0 0 0 8952 41720 76 7 [33060, 33115, 65448, 65496, 65497, 65498, 65499] 
178.264 33060 1 0 0 0 0 8952 41720 76 7 [33060, 33115, 65448, 65496, 65497, 65498, 65499] 
179.264 33060 1 0 0 0 0 8952 41720 76 7 [33060, 33115, 65448, 65496, 65497, 65498, 65499] 
180.288 33060 1 0 0 0 0 8952 41720 76 7 [33060, 33115, 65448, 65496, 65497, 65498, 65499] 
181.288 33060 1 0 0 0 0 8952 41720 76 7 [33060, 33115, 65448, 65496, 65497, 65498, 65499] 
182.288 33060 1 0 0 0 0 8952 41720 76 6 [33060, 33115, 65448, 65496, 65497, 65499] 
183.288 33060 1 0 0 0 0 8952 41720 76 7 [33060, 33115, 65448, 65496, 65497, 65498, 65499] 
184.288 33060 1 0 0 0 0 8952 41720 76 7 [33060, 33115, 65448, 65496, 65497, 65498, 65499] 
185.311 33060 1 0 0 0 0 8952 41720 76 7 [33060, 33115, 65448, 65496, 65497, 65498, 65499] 
186.311 33060 1 0 0 0 0 8952 41720 76 7 [33060, 33115, 65448, 65496, 65497, 65498, 65499] 
187.311 33060 1 0 0 0 0 8952 41720 76 7 [33060, 33115, 65448, 65496, 65497, 65498, 65499] 
188.311 33060 1 0 0 0 0 8952 41720 76 7 [33060, 33115, 65448, 65496, 65497, 65498, 65499] 
189.311 33060 1 0 0 0 0 8952 41720 76 7 [33060, 33115, 65448, 65496, 65497, 65498, 65499] 
190.311 33060 1 0 0 0 0 8952 41720 76 7 [33060, 33115, 65448, 65496, 65497, 65498, 65499] 
191.322 33060 1 0 0 0 0 8952 41720 76 7 [33060, 33115, 65448, 65496, 65497, 65498, 65499] 
192.322 33060 1 0 0 0 0 8952 41720 76 7 [33060, 33115, 65448, 65496, 65497, 65498, 65499] 
193.324 33060 1 0 0 0 0 8952 41720 76 7 [33060, 33115, 65448, 65496, 65497, 65498, 65499] 
194.337 33060 1 0 0 0 0 8952 41720 76 7 [33060, 33115, 65448, 65496, 65497, 65498, 65499] 
195.337 33060 1 0 0 0 0 8952 41720 76 7 [33060, 33115, 65448, 65496, 65497, 65498, 65499] 
196.337 33060 1 0 0 0 0 8952 41720 76 7 [33060, 33115, 65448, 65496, 65497, 65498, 65499] 
197.37 33060 1 0 0 0 0 8952 41720 76 7 [33060, 33115, 65448, 65496, 65497, 65498, 65499] 
198.37 33060 1 0 0 0 0 8952 41720 76 7 [33060, 33115, 65448, 65496, 65497, 65498, 65499] 
199.37 33060 1 0 0 0 0 8952 41720 76 7 [33060, 33115, 65448, 65496, 65497, 65498, 65499] 
200.37 33060 1 0 0 0 0 8952 41720 76 7 [33060, 33115, 65448, 65496, 65497, 65498, 65499] 
201.388 33060 1 0 0 0 0 8952 41720 76 7 [33060, 33115, 65448, 65496, 65497, 65498, 65499] 
202.388 33060 1 0 0 0 0 8952 41720 76 7 [33060, 33115, 65448, 65496, 65497, 65498, 65499] 
203.388 33060 1 0 0 0 0 8952 41720 76 7 [33060, 33115, 65448, 65496, 65497, 65498, 65499] 
204.388 33060 1 0 0 0 0 8952 41720 76 7 [33060, 33115, 65448, 65496, 65497, 65498, 65499] 
205.412 33060 1 0 0 0 0 8952 41720 76 7 [33060, 33115, 65448, 65496, 65497, 65498, 65499] 
206.414 33060 1 0 0 0 0 8952 41720 76 7 [33060, 33115, 65448, 65496, 65497, 65498, 65499] 
207.414 33060 1 0 0 0 0 8952 41720 76 7 [33060, 33115, 65448, 65496, 65497, 65498, 65499] 
208.414 33060 1 0 0 0 0 8952 41720 76 7 [33060, 33115, 65448, 65496, 65497, 65498, 65499] 
209.416 33060 1 0 0 0 0 8952 41720 76 7 [33060, 33115, 65448, 65496, 65497, 65498, 65499] 
210.418 33060 1 0 0 0 0 8952 41720 76 7 [33060, 33115, 65448, 65496, 65497, 65498, 65499] 
211.421 33060 1 0 0 0 0 8952 41720 76 7 [33060, 33115, 65448, 65496, 65497, 65498, 65499] 
212.431 33060 1 0 0 0 0 8952 41720 76 7 [33060, 33115, 65448, 65496, 65497, 65498, 65499] 
213.431 33060 1 0 0 0 0 8952 41720 76 6 [33060, 33115, 65448, 65496, 65498, 65499] 
214.439 33060 1 0 0 0 0 8952 41720 76 6 [33060, 33115, 65448, 65496, 65498, 65499] 
215.439 33060 1 0 0 0 0 8952 41720 76 6 [33060, 33115, 65448, 65496, 65498, 65499] 
216.455 33060 1 0 0 0 0 8952 41720 76 7 [33060, 33115, 65448, 65496, 65497, 65498, 65499] 
217.455 33060 1 0 0 0 0 8952 41720 76 7 [33060, 33115, 65448, 65496, 65497, 65498, 65499] 
218.455 33060 2 0 0 0 0 8952 41720 76 5 [33115, 65448, 65496, 65497, 65499] 
219.455 33060 2 0 0 0 0 8952 41720 76 4 [33115, 65448, 65496, 65499] 
220.455 33060 2 0 0 0 0 8952 41720 76 4 [33115, 65448, 65496, 65499] 
221.465 33060 2 0 0 0 0 8952 41720 76 4 [33115, 65448, 65496, 65499] 
222.473 33060 2 0 0 0 0 8952 41720 76 5 [33115, 65448, 65496, 65497, 65499] 
223.473 33060 2 0 0 0 0 8952 41720 76 5 [33115, 65448, 65496, 65497, 65499] 
224.473 33060 2 0 0 0 0 8952 41720 76 5 [33115, 65448, 65496, 65497, 65499] 
225.474 33060 2 0 0 0 0 8952 41720 76 5 [33115, 65448, 65496, 65497, 65499] 
226.474 33060 2 0 0 0 0 8952 41720 76 5 [33115, 65448, 65496, 65497, 65499] 
227.474 33060 2 0 0 0 0 8952 41720 76 5 [33115, 65448, 65496, 65497, 65499] 
228.474 33060 2 0 0 0 0 8952 41720 76 5 [33115, 65448, 65496, 65497, 65499] 
229.474 33060 3 0 0 0 0 8952 41720 76 5 [33115, 65448, 65496, 65497, 65499] 
230.474 33060 3 0 0 0 0 8952 41720 76 5 [33115, 65448, 65496, 65497, 65499] 
231.494 33060 2 0 1 0 0 8952 41720 76 5 [33115, 65448, 65496, 65497, 65499] 
232.494 33060 2 0 1 0 0 8952 41720 76 5 [33115, 65448, 65496, 65497, 65499] 
233.494 33060 2 0 1 0 0 8952 41720 76 5 [33115, 65448, 65496, 65497, 65499] 
234.494 33060 2 0 1 0 0 8952 41720 76 5 [33115, 65448, 65496, 65497, 65499] 
235.494 33060 2 0 1 0 0 8952 41720 76 5 [33115, 65448, 65496, 65497, 65499] 
236.494 33060 2 0 1 0 0 8952 41720 76 5 [33115, 65448, 65496, 65497, 65499] 
237.494 33060 2 0 1 0 0 8952 41720 76 5 [33115, 65448, 65496, 65497, 65499] 
238.51 33060 2 0 1 0 0 8952 41720 76 5 [33115, 65448, 65496, 65497, 65499] 
239.51 33060 2 0 1 0 0 8952 41720 76 5 [33115, 65448, 65496, 65497, 65499] 
240.51 33060 2 0 1 0 0 8952 41720 76 5 [33115, 65448, 65496, 65497, 65499] 
241.51 33060 2 0 1 0 0 8952 41720 76 5 [33115, 65448, 65496, 65497, 65499] 
242.513 33060 2 0 1 0 0 8952 41720 76 6 [33115, 65448, 65496, 65497, 65498, 65499] 
243.513 33060 2 0 1 0 0 8952 41720 76 6 [33115, 65448, 65496, 65497, 65498, 65499] 
244.513 33060 2 0 1 0 0 8952 41720 76 6 [33115, 65448, 65496, 65497, 65498, 65499] 
245.513 33060 2 0 1 0 0 8952 41720 76 6 [33115, 65448, 65496, 65497, 65498, 65499] 
246.513 33060 2 0 1 0 0 8952 41720 76 6 [33115, 65448, 65496, 65497, 65498, 65499] 
247.513 33060 2 0 1 0 0 8952 41720 76 5 [33115, 65448, 65496, 65498, 65499] 
248.513 33060 2 0 1 0 0 8952 41720 76 3 [33115, 65448, 65496] 
249.513 33060 2 0 1 0 0 8952 41720 76 2 [33115, 65496] 
250.513 65449 0 1 1 0 0 8952 41720 76 0 [] 
251.513 65449 0 1 1 0 0 8952 41720 76 0 [] 
252.513 65449 0 1 1 0 0 8952 41720 76 0 [] 
253.513 65449 0 1 1 0 0 8952 41720 76 0 [] 
254.513 65449 0 1 1 0 0 8952 41720 76 0 [] 
255.513 65449 0 1 1 0 0 8952 41720 76 0 [] 
256.513 65449 0 1 1 0 0 8952 41720 76 0 [] 
257.513 65449 0 1 1 0 0 8952 41720 76 0 [] 
258.513 65449 0 1 1 0 0 8952 41720 76 0 [] 
259.513 65449 0 1 1 0 0 8952 41720 76 0 [] 
260.513 65449 0 1 1 0 0 8952 41720 76 0 [] 
261.513 65449 0 1 1 0 0 8952 41720 76 0 [] 
262.513 65449 0 1 1 0 0 8952 41720 76 0 [] 
263.513 65449 0 1 1 0 0 8952 41720 76 0 [] 
264.513 65449 0 1 1 0 0 8952 41720 76 0 [] 
265.513 65449 0 1 1 0 0 8952 41720 76 0 [] 
266.513 65449 0 1 1 0 0 8952 41720 76 0 [] 
267.513 65449 0 1 1 0 0 8952 41720 76 0 [] 
268.513 65449 0 1 1 0 0 8952 41720 76 0 [] 
269.513 65449 0 1 1 0 0 8952 41720 76 0 [] 
270.513 65449 0 1 1 0 0 8952 41720 76 0 [] 
271.513 65449 0 1 1 0 0 8952 41720 76 0 [] 
272.513 65449 0 1 1 0 0 8952 41720 76 0 [] 
273.513 65449 0 1 1 0 0 8952 41720 76 0 [] 
274.513 65449 0 1 1 0 0 8952 41720 76 0 [] 
275.513 65449 0 1 1 0 0 8952 41720 76 0 [] 
276.513 65449 0 1 1 0 0 8952 41720 76 0 [] 
277.513 65449 0 1 1 0 0 8952 41720 76 0 [] 
278.513 65449 0 1 1 0 0 8952 41720 76 0 [] 
279.513 65449 0 1 1 0 0 8952 41720 76 0 [] 
280.513 65449 0 1 1 0 0 8952 41720 76 0 [] 
281.513 65449 0 1 1 0 0 8952 41720 76 0 [] 
282.513 65449 0 1 1 0 0 8952 41720 76 0 [] 
283.513 65449 0 1 1 0 0 8952 41720 76 0 [] 
284.513 65449 0 1 1 0 0 8952 41720 76 0 [] 
285.513 65449 0 1 1 0 0 8952 41720 76 0 [] 
286.513 65449 0 1 1 0 0 8952 41720 76 0 [] 
287.513 65449 0 1 1 0 0 8952 41720 76 0 [] 
288.513 65449 0 1 1 0 0 8952 41720 76 0 [] 
289.513 65449 0 1 1 0 0 8952 41720 76 0 [] 
290.513 65449 0 1 1 0 0 8952 41720 76 0 [] 
291.513 65449 0 1 1 0 0 8952 41720 76 0 [] 
292.513 65449 0 1 1 0 0 8952 41720 76 0 [] 
293.513 65449 0 1 1 0 0 8952 41720 76 0 [] 
294.513 65449 0 1 1 0 0 8952 41720 76 0 [] 
295.513 65449 0 1 1 0 0 8952 41720 76 0 [] 
296.513 65449 0 1 1 0 0 8952 41720 76 0 [] 
297.513 65449 0 1 1 0 0 8952 41720 76 0 [] 
298.513 65449 0 1 1 0 0 8952 41720 76 0 [] 
299.513 65449 0 1 1 0 0 8952 41720 76 0 [] 
300.513 65449 0 1 1 0 0 8952 41720 76 0 [] 
301.513 65449 0 1 1 0 0 8952 41720 76 0 [] 
302.513 65449 0 1 1 0 0 8952 41720 76 0 [] 
303.513 65449 0 1 1 0 0 8952 41720 76 0 [] 
304.513 65449 0 1 1 0 0 8952 41720 76 0 [] 
305.513 65449 0 1 1 0 0 8952 41720 76 0 [] 
306.513 65449 0 1 1 0 0 8952 41720 76 0 [] 
307.513 65449 0 1 1 0 0 8952 41720 76 0 [] 
308.513 65449 0 1 1 0 0 8952 41720 76 0 [] 
309.513 65449 0 1 1 0 0 8952 41720 76 0 [] 
310.513 65449 0 1 1 0 0 8952 41720 76 0 [] 
311.513 65449 0 1 1 0 0 8952 41720 76 0 [] 
312.513 65449 0 1 1 0 0 8952 41720 76 0 [] 
313.513 65449 0 1 1 0 0 8952 41720 76 0 [] 
314.513 65449 0 1 1 0 0 8952 41720 76 0 [] 
315.513 65449 0 1 1 0 0 8952 41720 76 0 [] 
316.513 65449 0 1 1 0 0 8952 41720 76 0 [] 
317.513 65449 0 1 1 0 0 8952 41720 76 0 [] 
318.513 65449 0 1 1 0 0 8952 41720 76 0 [] 
319.513 65449 0 1 1 0 0 8952 41720 76 0 [] 
320.513 65449 0 1 1 0 0 8952 41720 76 0 [] 
321.513 65449 0 1 1 0 0 8952 41720 76 0 [] 
322.513 65449 0 1 1 0 0 8952 41720 76 0 [] 
323.513 65449 0 1 1 0 0 8952 41720 76 0 [] 
324.513 65449 0 1 1 0 0 8952 41720 76 0 [] 
325.513 65449 0 1 1 0 0 8952 41720 76 0 [] 
326.513 65449 0 1 1 0 0 8952 41720 76 0 [] 
327.513 65449 0 1 1 0 0 8952 41720 76 0 [] 
328.513 65449 0 1 1 0 0 8952 41720 76 0 [] 
329.513 65449 0 1 1 0 0 8952 41720 76 0 [] 
330.513 65449 0 1 1 0 0 8952 41720 76 0 [] 
331.513 65449 0 1 1 0 0 8952 41720 76 0 [] 
332.513 65449 0 1 1 0 0 8952 41720 76 0 [] 
333.513 65449 0 1 1 0 0 8952 41720 76 0 [] 
334.513 65449 0 1 1 0 0 8952 41720 76 0 [] 
335.513 65449 0 1 1 0 0 8952 41720 76 0 [] 
336.513 65449 0 1 1 0 0 8952 41720 76 0 [] 
337.513 65449 0 1 1 0 0 8952 41720 76 0 [] 
338.513 65449 0 1 1 0 0 8952 41720 76 0 [] 
339.513 65449 0 1 1 0 0 8952 41720 76 0 [] 
340.513 65449 0 1 1 0 0 8952 41720 76 0 [] 
341.513 65449 0 1 1 0 0 8952 41720 76 0 [] 
342.513 65449 0 1 1 0 0 8952 41720 76 0 [] 
343.513 65449 0 1 1 0 0 8952 41720 76 0 [] 
344.513 65449 0 1 1 0 0 8952 41720 76 0 [] 
345.513 65449 0 1 1 0 0 8952 41720 76 0 [] 
346.513 65449 0 1 1 0 0 8952 41720 76 0 [] 
347.513 65449 0 1 1 0 0 8952 41720 76 0 [] 
348.513 65449 0 1 1 0 0 8952 41720 76 0 [] 
349.513 65449 0 1 1 0 0 8952 41720 76 0 [] 
350.513 65449 0 1 1 0 0 8952 41720 76 0 [] 
351.513 65449 0 1 1 0 0 8952 41720 76 0 [] 
352.513 65449 0 1 1 0 0 8952 41720 76 0 [] 
353.513 65449 0 1 1 0 0 8952 41720 76 0 [] 
354.513 65449 0 1 1 0 0 8952 41720 76 0 [] 
355.513 65449 0 1 1 0 0 8952 41720 76 0 [] 
356.513 65449 0 1 1 0 0 8952 41720 76 0 [] 
357.513 65449 0 1 1 0 0 8952 41720 76 0 [] 
358.513 65449 0 1 1 0 0 8952 41720 76 0 [] 
359.513 65449 0 1 1 0 0 8952 41720 76 0 [] 
360.513 65449 0 1 1 0 0 8952 41720 76 0 [] 
361.513 65449 0 1 1 0 0 8952 41720 76 0 [] 
362.513 65449 0 1 1 0 0 8952 41720 76 0 [] 
363.513 65449 0 1 1 0 0 8952 41720 76 0 [] 
364.513 65449 0 1 1 0 0 8952 41720 76 0 [] 
365.513 65449 0 1 1 0 0 8952 41720 76 0 [] 
366.513 65449 0 1 1 0 0 8952 41720 76 0 [] 
367.513 65449 0 1 1 0 0 8952 41720 76 0 [] 
368.513 65449 0 1 1 0 0 8952 41720 76 0 [] 
369.513 65449 0 1 1 0 0 8952 41720 76 0 [] 
370.513 65449 0 1 1 0 0 8952 41720 76 0 [] 
371.513 65449 0 1 1 0 0 8952 41720 76 0 [] 
372.513 65449 0 1 1 0 0 8952 41720 76 0 [] 
373.513 65449 0 1 1 0 0 8952 41720 76 0 [] 
374.513 65449 0 1 1 0 0 8952 41720 76 0 [] 
375.513 65449 0 1 1 0 0 8952 41720 76 0 [] 
376.513 65449 0 1 1 0 0 8952 41720 76 0 [] 
377.513 65449 0 1 1 0 0 8952 41720 76 0 [] 
378.513 65449 0 1 1 0 0 8952 41720 76 0 [] 
379.513 65449 0 1 1 0 0 8952 41720 76 0 [] 
380.513 65449 0 1 1 0 0 8952 41720 76 0 [] 
381.513 65449 0 1 1 0 0 8952 41720 76 0 [] 
382.513 65449 0 1 1 0 0 8952 41720 76 0 [] 
383.513 65449 0 1 1 0 0 8952 41720 76 0 [] 
384.513 65449 0 1 1 0 0 8952 41720 76 0 [] 
385.513 65449 0 1 1 0 0 8952 41720 76 0 [] 
386.513 65449 0 1 1 0 0 8952 41720 76 0 [] 
387.513 65449 0 1 1 0 0 8952 41720 76 0 [] 
388.513 65449 0 1 1 0 0 8952 41720 76 0 [] 
389.513 65449 0 1 1 0 0 8952 41720 76 0 [] 
390.513 65449 0 1 1 0 0 8952 41720 76 0 [] 
391.513 65449 0 1 1 0 0 8952 41720 76 0 [] 
392.513 65449 0 1 1 0 0 8952 41720 76 0 [] 
393.513 65449 0 1 1 0 0 8952 41720 76 0 [] 
394.513 65449 0 1 1 0 0 8952 41720 76 0 [] 
395.513 65449 0 1 1 0 0 8952 41720 76 0 [] 
396.513 65449 0 1 1 0 0 8952 41720 76 0 [] 
397.513 65449 0 1 1 0 0 8952 41720 76 0 [] 
398.513 65449 0 1 1 0 0 8952 41720 76 0 [] 
399.513 65449 0 1 1 0 0 8952 41720 76 0 [] 
400.513 65449 0 1 1 0 0 8952 41720 76 0 [] 
401.513 65449 0 1 1 0 0 8952 41720 76 0 [] 
402.513 65449 0 1 1 0 0 8952 41720 76 0 [] 
403.513 65449 0 1 1 0 0 8952 41720 76 0 [] 
404.513 65449 0 1 1 0 0 8952 41720 76 0 [] 
405.513 65449 0 1 1 0 0 8952 41720 76 0 [] 
406.513 65449 0 1 1 0 0 8952 41720 76 0 [] 
407.513 65449 0 1 1 0 0 8952 41720 76 0 [] 
408.513 65449 0 1 1 0 0 8952 41720 76 0 [] 
409.513 65449 0 1 1 0 0 8952 41720 76 0 [] 
410.513 65449 0 1 1 0 0 8952 41720 76 0 [] 
411.513 65449 0 1 1 0 0 8952 41720 76 0 [] 
412.513 65449 0 1 1 0 0 8952 41720 76 0 [] 
413.513 65449 0 1 1 0 0 8952 41720 76 0 [] 
414.513 65449 0 1 1 0 0 8952 41720 76 0 [] 
415.513 65449 0 1 1 0 0 8952 41720 76 0 [] 
416.513 65449 0 1 1 0 0 8952 41720 76 0 [] 
417.513 65449 0 1 1 0 0 8952 41720 76 0 [] 
418.513 65449 0 1 1 0 0 8952 41720 76 0 [] 
419.513 65449 0 1 1 0 0 8952 41720 76 0 [] 
420.513 65449 0 1 1 0 0 8952 41720 76 0 [] 
421.513 65449 0 1 1 0 0 8952 41720 76 0 [] 
422.513 65449 0 1 1 0 0 8952 41720 76 0 [] 
423.513 65449 0 1 1 0 0 8952 41720 76 0 [] 
424.513 65449 0 1 1 0 0 8952 41720 76 0 [] 
425.513 65449 0 1 1 0 0 8952 41720 76 0 [] 
426.513 65449 0 1 1 0 0 8952 41720 76 0 [] 
427.513 65449 0 1 1 0 0 8952 41720 76 0 [] 
428.513 65449 0 1 1 0 0 8952 41720 76 0 [] 
429.513 65449 0 1 1 0 0 8952 41720 76 0 [] 
430.513 65449 0 1 1 0 0 8952 41720 76 0 [] 
431.513 65449 0 1 1 0 0 8952 41720 76 0 [] 
432.513 65449 0 1 1 0 0 8952 41720 76 0 [] 
433.513 65449 0 1 1 0 0 8952 41720 76 0 [] 
434.513 65449 0 1 1 0 0 8952 41720 76 0 [] 
435.513 65449 0 1 1 0 0 8952 41720 76 0 [] 
436.513 65449 0 1 1 0 0 8952 41720 76 0 [] 
437.513 65449 0 1 1 0 0 8952 41720 76 0 [] 
438.513 65449 0 1 1 0 0 8952 41720 76 0 [] 
439.513 65449 0 1 1 0 0 8952 41720 76 0 [] 
440.513 65449 0 1 1 0 0 8952 41720 76 0 [] 
441.513 65449 0 1 1 0 0 8952 41720 76 0 [] 
442.513 65449 0 1 1 0 0 8952 41720 76 0 [] 
443.513 65449 0 1 1 0 0 8952 41720 76 0 [] 
444.513 65449 0 1 1 0 0 8952 41720 76 0 [] 
445.513 65449 0 1 1 0 0 8952 41720 76 0 [] 
446.513 65449 0 1 1 0 0 8952 41720 76 0 [] 
447.513 65449 0 1 1 0 0 8952 41720 76 0 [] 
448.513 65449 0 1 1 0 0 8952 41720 76 0 [] 
449.513 65449 0 1 1 0 0 8952 41720 76 0 [] 
450.513 65449 0 1 1 0 0 8952 41720 76 0 [] 
451.513 65449 0 1 1 0 0 8952 41720 76 0 [] 
452.513 65449 0 1 1 0 0 8952 41720 76 0 [] 
453.513 65449 0 1 1 0 0 8952 41720 76 0 [] 
454.513 65449 0 1 1 0 0 8952 41720 76 0 [] 
455.513 65449 0 1 1 0 0 8952 41720 76 0 [] 
456.513 65449 0 1 1 0 0 8952 41720 76 0 [] 
457.513 65449 0 1 1 0 0 8952 41720 76 0 [] 
458.513 65449 0 1 1 0 0 8952 41720 76 0 [] 
459.513 65449 0 1 1 0 0 8952 41720 76 0 [] 
460.513 65449 0 1 1 0 0 8952 41720 76 0 [] 
461.513 65449 0 1 1 0 0 8952 41720 76 0 [] 
462.513 65449 0 1 1 0 0 8952 41720 76 0 [] 
463.513 65449 0 1 1 0 0 8952 41720 76 0 [] 
464.513 65449 0 1 1 0 0 8952 41720 76 0 [] 
465.513 65449 0 1 1 0 0 8952 41720 76 0 [] 
466.513 65449 0 1 1 0 0 8952 41720 76 0 [] 
467.513 65449 0 1 1 0 0 8952 41720 76 0 [] 
468.513 65449 0 1 1 0 0 8952 41720 76 0 [] 
469.513 65449 0 1 1 0 0 8952 41720 76 0 [] 
470.513 65449 0 1 1 0 0 8952 41720 76 0 [] 
471.513 65449 0 1 1 0 0 8952 41720 76 0 [] 
472.513 65449 0 1 1 0 0 8952 41720 76 0 [] 
473.513 65449 0 1 1 0 0 8952 41720 76 0 [] 
474.513 65449 0 1 1 0 0 8952 41720 76 0 [] 
475.513 65449 0 1 1 0 0 8952 41720 76 0 [] 
476.513 65449 0 1 1 0 0 8952 41720 76 0 [] 
477.513 65449 0 1 1 0 0 8952 41720 76 0 [] 
478.513 65449 0 1 1 0 0 8952 41720 76 0 [] 
479.513 65449 0 1 1 0 0 8952 41720 76 0 [] 
480.513 65449 0 1 1 0 0 8952 41720 76 0 [] 
481.513 65449 0 1 1 0 0 8952 41720 76 0 [] 
482.513 65449 0 1 1 0 0 8952 41720 76 0 [] 
483.513 65449 0 1 1 0 0 8952 41720 76 0 [] 
484.513 65449 0 1 1 0 0 8952 41720 76 0 [] 
485.513 65449 0 1 1 0 0 8952 41720 76 0 [] 
486.513 65449 0 1 1 0 0 8952 41720 76 0 [] 
487.513 65449 0 1 1 0 0 8952 41720 76 0 [] 
488.513 65449 0 1 1 0 0 8952 41720 76 0 [] 
489.513 65449 0 1 1 0 0 8952 41720 76 0 [] 
490.513 65449 0 1 1 0 0 8952 41720 76 0 [] 
491.513 65449 0 1 1 0 0 8952 41720 76 0 [] 
492.513 65449 0 1 1 0 0 8952 41720 76 0 [] 
493.513 65449 0 1 1 0 0 8952 41720 76 0 [] 
494.513 65449 0 1 1 0 0 8952 41720 76 0 [] 
495.513 65449 0 1 1 0 0 8952 41720 76 0 [] 
496.513 65449 0 1 1 0 0 8952 41720 76 0 [] 
497.513 65449 0 1 1 0 0 8952 41720 76 0 [] 
498.513 65449 0 1 1 0 0 8952 41720 76 0 [] 
499.513 65449 0 1 1 0 0 8952 41720 76 0 [] 
500.513 65449 0 1 1 0 0 8952 41720 76 0 [] 
501.513 65449 0 1 1 0 0 8952 41720 76 0 [] 
502.513 65449 0 1 1 0 0 8952 41720 76 0 [] 
503.513 65449 0 1 1 0 0 8952 41720 76 0 [] 
504.513 65449 0 1 1 0 0 8952 41720 76 0 [] 
505.513 65449 0 1 1 0 0 8952 41720 76 0 [] 
506.513 65449 0 1 1 0 0 8952 41720 76 0 [] 
507.513 65449 0 1 1 0 0 8952 41720 76 0 [] 
508.513 65449 0 1 1 0 0 8952 41720 76 0 [] 
509.513 65449 0 1 1 0 0 8952 41720 76 0 [] 
510.513 65449 0 1 1 0 0 8952 41720 76 0 [] 
511.513 65449 0 1 1 0 0 8952 41720 76 0 [] 
512.513 65449 0 1 1 0 0 8952 41720 76 0 [] 
513.513 65449 0 1 1 0 0 8952 41720 76 0 [] 
514.513 65449 0 1 1 0 0 8952 41720 76 0 [] 
515.513 65449 0 1 1 0 0 8952 41720 76 0 [] 
516.513 65449 0 1 1 0 0 8952 41720 76 0 [] 
517.513 65449 0 1 1 0 0 8952 41720 76 0 [] 
518.513 65449 0 1 1 0 0 8952 41720 76 0 [] 
519.513 65449 0 1 1 0 0 8952 41720 76 0 [] 
520.513 65449 0 1 1 0 0 8952 41720 76 0 [] 
521.513 65449 0 1 1 0 0 8952 41720 76 0 [] 
522.513 65449 0 1 1 0 0 8952 41720 76 0 [] 
523.513 65449 0 1 1 0 0 8952 41720 76 0 [] 
524.513 65449 0 1 1 0 0 8952 41720 76 0 [] 
525.513 65449 0 1 1 0 0 8952 41720 76 0 [] 
526.513 65449 0 1 1 0 0 8952 41720 76 0 [] 
527.513 65449 0 1 1 0 0 8952 41720 76 0 [] 
528.513 65449 0 1 1 0 0 8952 41720 76 0 [] 
529.513 65449 0 1 1 0 0 8952 41720 76 0 [] 
530.513 65449 0 1 1 0 0 8952 41720 76 0 [] 
531.513 65449 0 1 1 0 0 8952 41720 76 0 [] 
532.513 65449 0 1 1 0 0 8952 41720 76 0 [] 
533.513 65449 0 1 1 0 0 8952 41720 76 0 [] 
534.513 65449 0 1 1 0 0 8952 41720 76 0 [] 
535.513 65449 0 1 1 0 0 8952 41720 76 0 [] 
536.513 65449 0 1 1 0 0 8952 41720 76 0 [] 
537.513 65449 0 1 1 0 0 8952 41720 76 0 [] 
538.513 65449 0 1 1 0 0 8952 41720 76 0 [] 
539.513 65449 0 1 1 0 0 8952 41720 76 0 [] 
540.513 65449 0 1 1 0 0 8952 41720 76 0 [] 
541.513 65449 0 1 1 0 0 8952 41720 76 0 [] 
542.513 65449 0 1 1 0 0 8952 41720 76 0 [] 
543.513 65449 0 1 1 0 0 8952 41720 76 0 [] 
544.513 65449 0 1 1 0 0 8952 41720 76 0 [] 
545.513 65449 0 1 1 0 0 8952 41720 76 0 [] 
546.513 65449 0 1 1 0 0 8952 41720 76 0 [] 
547.513 65449 0 1 1 0 0 8952 41720 76 0 [] 
548.513 65449 0 1 1 0 0 8952 41720 76 0 [] 
549.513 65449 0 1 1 0 0 8952 41720 76 0 [] 
550.513 65449 0 1 1 0 0 8952 41720 76 0 [] 
551.513 65449 0 1 1 0 0 8952 41720 76 0 [] 
552.513 65449 0 1 1 0 0 8952 41720 76 0 [] 
553.513 65449 0 1 1 0 0 8952 41720 76 0 [] 
554.513 65449 0 1 1 0 0 8952 41720 76 0 [] 
555.513 65449 0 1 1 0 0 8952 41720 76 0 [] 
556.513 65449 0 1 1 0 0 8952 41720 76 0 [] 
557.513 65449 0 1 1 0 0 8952 41720 76 0 [] 
558.513 65449 0 1 1 0 0 8952 41720 76 0 [] 
559.513 65449 0 1 1 0 0 8952 41720 76 0 [] 
560.513 65449 0 1 1 0 0 8952 41720 76 0 [] 
561.513 65449 0 1 1 0 0 8952 41720 76 0 [] 
562.513 65449 0 1 1 0 0 8952 41720 76 0 [] 
563.513 65449 0 1 1 0 0 8952 41720 76 0 [] 
564.513 65449 0 1 1 0 0 8952 41720 76 0 [] 
565.513 65449 0 1 1 0 0 8952 41720 76 0 [] 
566.513 65449 0 1 1 0 0 8952 41720 76 0 [] 
567.513 65449 0 1 1 0 0 8952 41720 76 0 [] 
568.513 65449 0 1 1 0 0 8952 41720 76 0 [] 
569.513 65449 0 1 1 0 0 8952 41720 76 0 [] 
570.513 65449 0 1 1 0 0 8952 41720 76 0 [] 
571.513 65449 0 1 1 0 0 8952 41720 76 0 [] 
572.513 65449 0 1 1 0 0 8952 41720 76 0 [] 
573.513 65449 0 1 1 0 0 8952 41720 76 0 [] 
574.513 65449 0 1 1 0 0 8952 41720 76 0 [] 
575.513 65449 0 1 1 0 0 8952 41720 76 0 [] 
576.513 65449 0 1 1 0 0 8952 41720 76 0 [] 
577.513 65449 0 1 1 0 0 8952 41720 76 0 [] 
578.513 65449 0 1 1 0 0 8952 41720 76 0 [] 
579.513 65449 0 1 1 0 0 8952 41720 76 0 [] 
580.513 65449 0 1 1 0 0 8952 41720 76 0 [] 
581.513 65449 0 1 1 0 0 8952 41720 76 0 [] 
582.513 65449 0 1 1 0 0 8952 41720 76 0 [] 
583.513 65449 0 1 1 0 0 8952 41720 76 0 [] 
584.513 65449 0 1 1 0 0 8952 41720 76 0 [] 
585.513 65449 0 1 1 0 0 8952 41720 76 0 [] 
586.513 65449 0 1 1 0 0 8952 41720 76 0 [] 
587.513 65449 0 1 1 0 0 8952 41720 76 0 [] 
588.513 65449 0 1 1 0 0 8952 41720 76 0 [] 
589.513 65449 0 1 1 0 0 8952 41720 76 0 [] 
590.513 65449 0 1 1 0 0 8952 41720 76 0 [] 
591.513 65449 0 1 1 0 0 8952 41720 76 0 [] 
592.513 65449 0 1 1 0 0 8952 41720 76 0 [] 
593.513 65449 0 1 1 0 0 8952 41720 76 0 [] 
594.513 65449 0 1 1 0 0 8952 41720 76 0 [] 
595.513 65449 0 1 1 0 0 8952 41720 76 0 [] 
596.513 65449 0 1 1 0 0 8952 41720 76 0 [] 
597.513 65449 0 1 1 0 0 8952 41720 76 0 [] 
598.513 65449 0 1 1 0 0 8952 41720 76 0 [] 
599.513 65449 0 1 1 0 0 8952 41720 76 0 [] 
600.513 65449 0 1 1 0 0 8952 41720 76 0 [] 
601.513 65449 0 1 1 0 0 8952 41720 76 0 [] 
602.513 65449 0 1 1 0 0 8952 41720 76 0 [] 
603.513 65449 0 1 1 0 0 8952 41720 76 0 [] 
604.513 65449 0 1 1 0 0 8952 41720 76 0 [] 
605.513 65449 0 1 1 0 0 8952 41720 76 0 [] 
606.513 65449 0 1 1 0 0 8952 41720 76 0 [] 
607.513 65449 0 1 1 0 0 8952 41720 76 0 [] 
608.513 65449 0 1 1 0 0 8952 41720 76 0 [] 
609.513 65449 0 1 1 0 0 8952 41720 76 0 [] 
610.513 65449 0 1 1 0 0 8952 41720 76 0 [] 
611.513 65449 0 1 1 0 0 8952 41720 76 0 [] 
612.513 65449 0 1 1 0 0 8952 41720 76 0 [] 
613.513 65449 0 1 1 0 0 8952 41720 76 0 [] 
614.513 65449 0 1 1 0 0 8952 41720 76 0 [] 
615.513 65449 0 1 1 0 0 8952 41720 76 0 [] 
616.513 65449 0 1 1 0 0 8952 41720 76 0 [] 
617.513 65449 0 1 1 0 0 8952 41720 76 0 [] 
618.513 65449 0 1 1 0 0 8952 41720 76 0 [] 
619.513 65449 0 1 1 0 0 8952 41720 76 0 [] 
620.513 65449 0 1 1 0 0 8952 41720 76 0 [] 
621.513 65449 0 1 1 0 0 8952 41720 76 0 [] 
622.513 65449 0 1 1 0 0 8952 41720 76 0 [] 
623.513 65449 0 1 1 0 0 8952 41720 76 0 [] 
624.513 65449 0 1 1 0 0 8952 41720 76 0 [] 
625.513 65449 0 1 1 0 0 8952 41720 76 0 [] 
626.513 65449 0 1 1 0 0 8952 41720 76 0 [] 
627.513 65449 0 1 1 0 0 8952 41720 76 0 [] 
628.513 65449 0 1 1 0 0 8952 41720 76 0 [] 
629.513 65449 0 1 1 0 0 8952 41720 76 0 [] 
630.513 65449 0 1 1 0 0 8952 41720 76 0 [] 
631.513 65449 0 1 1 0 0 8952 41720 76 0 [] 
632.513 65449 0 1 1 0 0 8952 41720 76 0 [] 
633.513 65449 0 1 1 0 0 8952 41720 76 0 [] 
634.513 65449 0 1 1 0 0 8952 41720 76 0 [] 
635.513 65449 0 1 1 0 0 8952 41720 76 0 [] 
636.513 65449 0 1 1 0 0 8952 41720 76 0 [] 
637.513 65449 0 1 1 0 0 8952 41720 76 0 [] 
638.513 65449 0 1 1 0 0 8952 41720 76 0 [] 
639.513 65449 0 1 1 0 0 8952 41720 76 0 [] 
640.513 65449 0 1 1 0 0 8952 41720 76 0 [] 
641.513 65449 0 1 1 0 0 8952 41720 76 0 [] 
642.513 65449 0 1 1 0 0 8952 41720 76 0 [] 
643.513 65449 0 1 1 0 0 8952 41720 76 0 [] 
644.513 65449 0 1 1 0 0 8952 41720 76 0 [] 
645.513 65449 0 1 1 0 0 8952 41720 76 0 [] 
646.513 65449 0 1 1 0 0 8952 41720 76 0 [] 
647.513 65449 0 1 1 0 0 8952 41720 76 0 [] 
648.513 65449 0 1 1 0 0 8952 41720 76 0 [] 
649.513 65449 0 1 1 0 0 8952 41720 76 0 [] 
650.513 65449 0 1 1 0 0 8952 41720 76 0 [] 
651.513 65449 0 1 1 0 0 8952 41720 76 0 [] 
652.513 65449 0 1 1 0 0 8952 41720 76 0 [] 
653.513 65449 0 1 1 0 0 8952 41720 76 0 [] 
654.513 65449 0 1 1 0 0 8952 41720 76 0 [] 
655.513 65449 0 1 1 0 0 8952 41720 76 0 [] 
656.513 65449 0 1 1 0 0 8952 41720 76 0 [] 
657.513 65449 0 1 1 0 0 8952 41720 76 0 [] 
658.513 65449 0 1 1 0 0 8952 41720 76 0 [] 
659.513 65449 0 1 1 0 0 8952 41720 76 0 [] 
660.513 65449 0 1 1 0 0 8952 41720 76 0 [] 
661.513 65449 0 1 1 0 0 8952 41720 76 0 [] 
662.513 65449 0 1 1 0 0 8952 41720 76 0 [] 
663.513 65449 0 1 1 0 0 8952 41720 76 0 [] 
664.513 65449 0 1 1 0 0 8952 41720 76 0 [] 
665.513 65449 0 1 1 0 0 8952 41720 76 0 [] 
666.513 65449 0 1 1 0 0 8952 41720 76 0 [] 
667.513 65449 0 1 1 0 0 8952 41720 76 0 [] 
668.513 65449 0 1 1 0 0 8952 41720 76 0 [] 
669.513 65449 0 1 1 0 0 8952 41720 76 0 [] 
670.513 65449 0 1 1 0 0 8952 41720 76 0 [] 
671.513 65449 0 1 1 0 0 8952 41720 76 0 [] 
672.513 65449 0 1 1 0 0 8952 41720 76 0 [] 
673.513 65449 0 1 1 0 0 8952 41720 76 0 [] 
674.513 65449 0 1 1 0 0 8952 41720 76 0 [] 
675.513 65449 0 1 1 0 0 8952 41720 76 0 [] 
676.513 65449 0 1 1 0 0 8952 41720 76 0 [] 
677.513 65449 0 1 1 0 0 8952 41720 76 0 [] 
678.513 65449 0 1 1 0 0 8952 41720 76 0 [] 
679.513 65449 0 1 1 0 0 8952 41720 76 0 [] 
680.513 65449 0 1 1 0 0 8952 41720 76 0 [] 
681.513 65449 0 1 1 0 0 8952 41720 76 0 [] 
682.513 65449 0 1 1 0 0 8952 41720 76 0 [] 
683.513 65449 0 1 1 0 0 8952 41720 76 0 [] 
684.513 65449 0 1 1 0 0 8952 41720 76 0 [] 
685.513 65449 0 1 1 0 0 8952 41720 76 0 [] 
686.513 65449 0 1 1 0 0 8952 41720 76 0 [] 
687.513 65449 0 1 1 0 0 8952 41720 76 0 [] 
688.513 65449 0 1 1 0 0 8952 41720 76 0 [] 
689.513 65449 0 1 1 0 0 8952 41720 76 0 [] 
690.513 65449 0 1 1 0 0 8952 41720 76 0 [] 
691.513 65449 0 1 1 0 0 8952 41720 76 0 [] 
692.513 65449 0 1 1 0 0 8952 41720 76 0 [] 
693.513 65449 0 1 1 0 0 8952 41720 76 0 [] 
694.513 65449 0 1 1 0 0 8952 41720 76 0 [] 
695.513 65449 0 1 1 0 0 8952 41720 76 0 [] 
696.513 65449 0 1 1 0 0 8952 41720 76 0 [] 
697.513 65449 0 1 1 0 0 8952 41720 76 0 [] 
698.513 65449 0 1 1 0 0 8952 41720 76 0 [] 
699.513 65449 0 1 1 0 0 8952 41720 76 0 [] 
700.513 65449 0 1 1 0 0 8952 41720 76 0 [] 
701.513 65449 0 1 1 0 0 8952 41720 76 0 [] 
702.513 65449 0 1 1 0 0 8952 41720 76 0 [] 
703.513 65449 0 1 1 0 0 8952 41720 76 0 [] 
704.513 65449 0 1 1 0 0 8952 41720 76 0 [] 
705.513 65449 0 1 1 0 0 8952 41720 76 0 [] 
706.513 65449 0 1 1 0 0 8952 41720 76 0 [] 
707.513 65449 0 1 1 0 0 8952 41720 76 0 [] 
708.513 65449 0 1 1 0 0 8952 41720 76 0 [] 
709.513 65449 0 1 1 0 0 8952 41720 76 0 [] 
710.513 65449 0 1 1 0 0 8952 41720 76 0 [] 
711.513 65449 0 1 1 0 0 8952 41720 76 0 [] 
712.513 65449 0 1 1 0 0 8952 41720 76 0 [] 
713.513 65449 0 1 1 0 0 8952 41720 76 0 [] 
714.513 65449 0 1 1 0 0 8952 41720 76 0 [] 
715.513 65449 0 1 1 0 0 8952 41720 76 0 [] 
716.513 65449 0 1 1 0 0 8952 41720 76 0 [] 
717.513 65449 0 1 1 0 0 8952 41720 76 0 [] 
718.513 65449 0 1 1 0 0 8952 41720 76 0 [] 
719.513 65449 0 1 1 0 0 8952 41720 76 0 [] 
720.513 65449 0 1 1 0 0 8952 41720 76 0 [] 
721.513 65449 0 1 1 0 0 8952 41720 76 0 [] 
722.513 65449 0 1 1 0 0 8952 41720 76 0 [] 
723.513 65449 0 1 1 0 0 8952 41720 76 0 [] 
724.513 65449 0 1 1 0 0 8952 41720 76 0 [] 
725.513 65449 0 1 1 0 0 8952 41720 76 0 [] 
726.513 65449 0 1 1 0 0 8952 41720 76 0 [] 
727.513 65449 0 1 1 0 0 8952 41720 76 0 [] 
728.513 65449 0 1 1 0 0 8952 41720 76 0 [] 
729.513 65449 0 1 1 0 0 8952 41720 76 0 [] 
730.513 65449 0 1 1 0 0 8952 41720 76 0 [] 
731.513 65449 0 1 1 0 0 8952 41720 76 0 [] 
732.513 65449 0 1 1 0 0 8952 41720 76 0 [] 
733.513 65449 0 1 1 0 0 8952 41720 76 0 [] 
734.513 65449 0 1 1 0 0 8952 41720 76 0 [] 
735.513 65449 0 1 1 0 0 8952 41720 76 0 [] 
736.513 65449 0 1 1 0 0 8952 41720 76 0 [] 
737.513 65449 0 1 1 0 0 8952 41720 76 0 [] 
738.513 65449 0 1 1 0 0 8952 41720 76 0 [] 
739.513 65449 0 1 1 0 0 8952 41720 76 0 [] 
740.513 65449 0 1 1 0 0 8952 41720 76 0 [] 
741.513 65449 0 1 1 0 0 8952 41720 76 0 [] 
742.513 65449 0 1 1 0 0 8952 41720 76 0 [] 
743.513 65449 0 1 1 0 0 8952 41720 76 0 [] 
744.513 65449 0 1 1 0 0 8952 41720 76 0 [] 
745.513 65449 0 1 1 0 0 8952 41720 76 0 [] 
746.513 65449 0 1 1 0 0 8952 41720 76 0 [] 
747.513 65449 0 1 1 0 0 8952 41720 76 0 [] 
748.513 65449 0 1 1 0 0 8952 41720 76 0 [] 
749.513 65449 0 1 1 0 0 8952 41720 76 0 [] 
750.513 65449 0 1 1 0 0 8952 41720 76 0 [] 
751.513 65449 0 1 1 0 0 8952 41720 76 0 [] 
752.513 65449 0 1 1 0 0 8952 41720 76 0 [] 
753.513 65449 0 1 1 0 0 8952 41720 76 0 [] 
754.513 65449 0 1 1 0 0 8952 41720 76 0 [] 
755.513 65449 0 1 1 0 0 8952 41720 76 0 [] 
756.513 65449 0 1 1 0 0 8952 41720 76 0 [] 
757.513 65449 0 1 1 0 0 8952 41720 76 0 [] 
758.513 65449 0 1 1 0 0 8952 41720 76 0 [] 
759.513 65449 0 1 1 0 0 8952 41720 76 0 [] 
760.513 65449 0 1 1 0 0 8952 41720 76 0 [] 
761.513 65449 0 1 1 0 0 8952 41720 76 0 [] 
762.513 65449 0 1 1 0 0 8952 41720 76 0 [] 
763.513 65449 0 1 1 0 0 8952 41720 76 0 [] 
764.513 65449 0 1 1 0 0 8952 41720 76 0 [] 
765.513 65449 0 1 1 0 0 8952 41720 76 0 [] 
766.513 65449 0 1 1 0 0 8952 41720 76 0 [] 
767.513 65449 0 1 1 0 0 8952 41720 76 0 [] 
768.513 65449 0 1 1 0 0 8952 41720 76 0 [] 
769.513 65449 0 1 1 0 0 8952 41720 76 0 [] 
770.513 65449 0 1 1 0 0 8952 41720 76 0 [] 
771.513 65449 0 1 1 0 0 8952 41720 76 0 [] 
772.513 65449 0 1 1 0 0 8952 41720 76 0 [] 
773.513 65449 0 1 1 0 0 8952 41720 76 0 [] 
774.513 65449 0 1 1 0 0 8952 41720 76 0 [] 
775.513 65449 0 1 1 0 0 8952 41720 76 0 [] 
776.513 65449 0 1 1 0 0 8952 41720 76 0 [] 
777.513 65449 0 1 1 0 0 8952 41720 76 0 [] 
778.513 65449 0 1 1 0 0 8952 41720 76 0 [] 
779.513 65449 0 1 1 0 0 8952 41720 76 0 [] 
780.513 65449 0 1 1 0 0 8952 41720 76 0 [] 
781.513 65449 0 1 1 0 0 8952 41720 76 0 [] 
782.513 65449 0 1 1 0 0 8952 41720 76 0 [] 
783.513 65449 0 1 1 0 0 8952 41720 76 0 [] 
784.513 65449 0 1 1 0 0 8952 41720 76 0 [] 
785.513 65449 0 1 1 0 0 8952 41720 76 0 [] 
786.513 65449 0 1 1 0 0 8952 41720 76 0 [] 
787.513 65449 0 1 1 0 0 8952 41720 76 0 [] 
788.513 65449 0 1 1 0 0 8952 41720 76 0 [] 
789.513 65449 0 1 1 0 0 8952 41720 76 0 [] 
790.513 65449 0 1 1 0 0 8952 41720 76 0 [] 
791.513 65449 0 1 1 0 0 8952 41720 76 0 [] 
792.513 65449 0 1 1 0 0 8952 41720 76 0 [] 
793.513 65449 0 1 1 0 0 8952 41720 76 0 [] 
794.513 65449 0 1 1 0 0 8952 41720 76 0 [] 
795.513 65449 0 1 1 0 0 8952 41720 76 0 [] 
796.513 65449 0 1 1 0 0 8952 41720 76 0 [] 
797.513 65449 0 1 1 0 0 8952 41720 76 0 [] 
798.513 65449 0 1 1 0 0 8952 41720 76 0 [] 
799.513 65449 0 1 1 0 0 8952 41720 76 0 [] 
800.513 65449 0 1 1 0 0 8952 41720 76 0 [] 
801.513 65449 0 1 1 0 0 8952 41720 76 0 [] 
802.513 65449 0 1 1 0 0 8952 41720 76 0 [] 
803.513 65449 0 1 1 0 0 8952 41720 76 0 [] 
804.513 65449 0 1 1 0 0 8952 41720 76 0 [] 
805.513 65449 0 1 1 0 0 8952 41720 76 0 [] 
806.513 65449 0 1 1 0 0 8952 41720 76 0 [] 
807.513 65449 0 1 1 0 0 8952 41720 76 0 [] 
808.513 65449 0 1 1 0 0 8952 41720 76 0 [] 
809.513 65449 0 1 1 0 0 8952 41720 76 0 [] 
810.513 65449 0 1 1 0 0 8952 41720 76 0 [] 
811.513 65449 0 1 1 0 0 8952 41720 76 0 [] 
812.513 65449 0 1 1 0 0 8952 41720 76 0 [] 
813.513 65449 0 1 1 0 0 8952 41720 76 0 [] 
814.513 65449 0 1 1 0 0 8952 41720 76 0 [] 
815.513 65449 0 1 1 0 0 8952 41720 76 0 [] 
816.513 65449 0 1 1 0 0 8952 41720 76 0 [] 
817.513 65449 0 1 1 0 0 8952 41720 76 0 [] 
818.513 65449 0 1 1 0 0 8952 41720 76 0 [] 
819.513 65449 0 1 1 0 0 8952 41720 76 0 [] 
820.513 65449 0 1 1 0 0 8952 41720 76 0 [] 
821.513 65449 0 1 1 0 0 8952 41720 76 0 [] 
822.513 65449 0 1 1 0 0 8952 41720 76 0 [] 
823.513 65449 0 1 1 0 0 8952 41720 76 0 [] 
824.513 65449 0 1 1 0 0 8952 41720 76 0 [] 
825.513 65449 0 1 1 0 0 8952 41720 76 0 [] 
826.513 65449 0 1 1 0 0 8952 41720 76 0 [] 
827.513 65449 0 1 1 0 0 8952 41720 76 0 [] 
828.513 65449 0 1 1 0 0 8952 41720 76 0 [] 
829.513 65449 0 1 1 0 0 8952 41720 76 0 [] 
830.513 65449 0 1 1 0 0 8952 41720 76 0 [] 
831.513 65449 0 1 1 0 0 8952 41720 76 0 [] 
832.513 65449 0 1 1 0 0 8952 41720 76 0 [] 
833.513 65449 0 1 1 0 0 8952 41720 76 0 [] 
834.513 65449 0 1 1 0 0 8952 41720 76 0 [] 
835.513 65449 0 1 1 0 0 8952 41720 76 0 [] 
836.513 65449 0 1 1 0 0 8952 41720 76 0 [] 
837.513 65449 0 1 1 0 0 8952 41720 76 0 [] 
838.513 65449 0 1 1 0 0 8952 41720 76 0 [] 
839.513 65449 0 1 1 0 0 8952 41720 76 0 [] 
840.513 65449 0 1 1 0 0 8952 41720 76 0 [] 
841.513 65449 0 1 1 0 0 8952 41720 76 0 [] 
842.513 65449 0 1 1 0 0 8952 41720 76 0 [] 
843.513 65449 0 1 1 0 0 8952 41720 76 0 [] 
844.513 65449 0 1 1 0 0 8952 41720 76 0 [] 
845.513 65449 0 1 1 0 0 8952 41720 76 0 [] 
846.513 65449 0 1 1 0 0 8952 41720 76 0 [] 
847.513 65449 0 1 1 0 0 8952 41720 76 0 [] 
848.513 65449 0 1 1 0 0 8952 41720 76 0 [] 
849.513 65449 0 1 1 0 0 8952 41720 76 0 [] 
850.513 65449 0 1 1 0 0 8952 41720 76 0 [] 
851.513 65449 0 1 1 0 0 8952 41720 76 0 [] 
852.513 65449 0 1 1 0 0 8952 41720 76 0 [] 
853.513 65449 0 1 1 0 0 8952 41720 76 0 [] 
854.513 65449 0 1 1 0 0 8952 41720 76 0 [] 
855.513 65449 0 1 1 0 0 8952 41720 76 0 [] 
856.513 65449 0 1 1 0 0 8952 41720 76 0 [] 
857.513 65449 0 1 1 0 0 8952 41720 76 0 [] 
858.513 65449 0 1 1 0 0 8952 41720 76 0 [] 
859.513 65449 0 1 1 0 0 8952 41720 76 0 [] 
860.513 65449 0 1 1 0 0 8952 41720 76 0 [] 
861.513 65449 0 1 1 0 0 8952 41720 76 0 [] 
862.513 65449 0 1 1 0 0 8952 41720 76 0 [] 
863.513 65449 0 1 1 0 0 8952 41720 76 0 [] 
864.513 65449 0 1 1 0 0 8952 41720 76 0 [] 
865.513 65449 0 1 1 0 0 8952 41720 76 0 [] 
866.513 65449 0 1 1 0 0 8952 41720 76 0 [] 
867.513 65449 0 1 1 0 0 8952 41720 76 0 [] 
868.513 65449 0 1 1 0 0 8952 41720 76 0 [] 
869.513 65449 0 1 1 0 0 8952 41720 76 0 [] 
870.513 65449 0 1 1 0 0 8952 41720 76 0 [] 
871.513 65449 0 1 1 0 0 8952 41720 76 0 [] 
872.513 65449 0 1 1 0 0 8952 41720 76 0 [] 
873.513 65449 0 1 1 0 0 8952 41720 76 0 [] 
874.513 65449 0 1 1 0 0 8952 41720 76 0 [] 
875.513 65449 0 1 1 0 0 8952 41720 76 0 [] 
876.849 33060 2 1 1 0 0 8952 41720 82 1 [65497] 
877.849 33060 2 1 1 0 0 8952 41720 82 1 [65497] 
878.849 33060 2 1 1 0 0 8952 41720 82 1 [65497] 
879.849 33060 2 1 1 0 0 8952 41720 82 1 [65497] 
880.849 65449 0 1 1 0 0 8952 41720 82 0 [] 
881.849 65449 0 1 1 0 0 8952 41720 82 0 [] 
882.849 65449 0 1 1 0 0 8952 41720 82 0 [] 
883.849 65449 0 1 1 0 0 8952 41720 82 0 [] 
884.849 65449 0 1 1 0 0 8952 41720 82 0 [] 
885.849 65449 0 1 1 0 0 8952 41720 82 0 [] 
886.849 65449 0 1 1 0 0 8952 41720 82 0 [] 
887.849 65449 0 1 1 0 0 8952 41720 82 0 [] 
888.849 65449 0 1 1 0 0 8952 41720 82 0 [] 
889.849 65449 0 1 1 0 0 8952 41720 82 0 [] 
890.849 65449 0 1 1 0 0 8952 41720 82 0 [] 
891.849 65449 0 1 1 0 0 8952 41720 82 0 [] 
892.849 65449 0 1 1 0 0 8952 41720 82 0 [] 
893.849 65449 0 1 1 0 0 8952 41720 82 0 [] 
894.849 65449 0 1 1 0 0 8952 41720 82 0 [] 
895.849 65449 0 1 1 0 0 8952 41720 82 0 [] 
896.849 65449 0 1 1 0 0 8952 41720 82 0 [] 
897.849 65449 0 1 1 0 0 8952 41720 82 0 [] 
898.849 65449 0 1 1 0 0 8952 41720 82 0 [] 
899.849 65449 0 1 1 0 0 8952 41720 82 0 [] 
900.849 65449 0 1 1 0 0 8952 41720 82 0 [] 
901.849 65449 0 1 1 0 0 8952 41720 82 0 [] 
902.849 65449 0 1 1 0 0 8952 41720 82 0 [] 
903.849 65449 0 1 1 0 0 8952 41720 82 0 [] 
904.849 65449 0 1 1 0 0 8952 41720 82 0 [] 
905.849 65449 0 1 1 0 0 8952 41720 82 0 [] 
906.849 65449 0 1 1 0 0 8952 41720 82 0 [] 
907.849 65449 0 1 1 0 0 8952 41720 82 0 [] 
908.849 65449 0 1 1 0 0 8952 41720 82 0 [] 
909.849 65449 0 1 1 0 0 8952 41720 82 0 [] 
910.849 65449 0 1 1 0 0 8952 41720 82 0 [] 
911.849 65449 0 1 1 0 0 8952 41720 82 0 [] 
912.849 65449 0 1 1 0 0 8952 41720 82 0 [] 
913.849 65449 0 1 1 0 0 8952 41720 82 0 [] 
914.849 65449 0 1 1 0 0 8952 41720 82 0 [] 
915.849 65449 0 1 1 0 0 8952 41720 82 0 [] 
916.849 65449 0 1 1 0 0 8952 41720 82 0 [] 
917.849 65449 0 1 1 0 0 8952 41720 82 0 [] 
918.849 65449 0 1 1 0 0 8952 41720 82 0 [] 
919.849 65449 0 1 1 0 0 8952 41720 82 0 [] 
920.849 65449 0 1 1 0 0 8952 41720 82 0 [] 
921.849 65449 0 1 1 0 0 8952 41720 82 0 [] 
922.849 65449 0 1 1 0 0 8952 41720 82 0 [] 
923.849 65449 0 1 1 0 0 8952 41720 82 0 [] 
924.849 65449 0 1 1 0 0 8952 41720 82 0 [] 
925.849 65449 0 1 1 0 0 8952 41720 82 0 [] 
926.849 65449 0 1 1 0 0 8952 41720 82 0 [] 
927.849 65449 0 1 1 0 0 8952 41720 82 0 [] 
928.849 65449 0 1 1 0 0 8952 41720 82 0 [] 
929.849 65449 0 1 1 0 0 8952 41720 82 0 [] 
930.849 65449 0 1 1 0 0 8952 41720 82 0 [] 
931.849 65449 0 1 1 0 0 8952 41720 82 0 [] 
932.849 65449 0 1 1 0 0 8952 41720 82 0 [] 
933.849 65449 0 1 1 0 0 8952 41720 82 0 [] 
934.849 65449 0 1 1 0 0 8952 41720 82 0 [] 
935.849 65449 0 1 1 0 0 8952 41720 82 0 [] 
936.849 65449 0 1 1 0 0 8952 41720 82 0 [] 
937.849 65449 0 1 1 0 0 8952 41720 82 0 [] 
938.849 65449 0 1 1 0 0 8952 41720 82 0 [] 
939.849 65449 0 1 1 0 0 8952 41720 82 0 [] 
940.849 65449 0 1 1 0 0 8952 41720 82 0 [] 
941.849 65449 0 1 1 0 0 8952 41720 82 0 [] 
942.849 65449 0 1 1 0 0 8952 41720 82 0 [] 
943.849 65449 0 1 1 0 0 8952 41720 82 0 [] 
944.849 65449 0 1 1 0 0 8952 41720 82 0 [] 
945.849 65449 0 1 1 0 0 8952 41720 82 0 [] 
946.849 65449 0 1 1 0 0 8952 41720 82 0 [] 
947.849 65449 0 1 1 0 0 8952 41720 82 0 [] 
948.849 65449 0 1 1 0 0 8952 41720 82 0 [] 
949.849 65449 0 1 1 0 0 8952 41720 82 0 [] 
950.849 65449 0 1 1 0 0 8952 41720 82 0 [] 
951.849 65449 0 1 1 0 0 8952 41720 82 0 [] 
952.849 65449 0 1 1 0 0 8952 41720 82 0 [] 
953.849 65449 0 1 1 0 0 8952 41720 82 0 [] 
954.849 65449 0 1 1 0 0 8952 41720 82 0 [] 
955.849 65449 0 1 1 0 0 8952 41720 82 0 [] 
956.849 65449 0 1 1 0 0 8952 41720 82 0 [] 
957.849 65449 0 1 1 0 0 8952 41720 82 0 [] 
958.849 65449 0 1 1 0 0 8952 41720 82 0 [] 
959.849 65449 0 1 1 0 0 8952 41720 82 0 [] 
960.849 65449 0 1 1 0 0 8952 41720 82 0 [] 
961.849 65449 0 1 1 0 0 8952 41720 82 0 [] 
962.849 65449 0 1 1 0 0 8952 41720 82 0 [] 
963.849 65449 0 1 1 0 0 8952 41720 82 0 [] 
964.849 65449 0 1 1 0 0 8952 41720 82 0 [] 
965.849 65449 0 1 1 0 0 8952 41720 82 0 [] 
966.849 65449 0 1 1 0 0 8952 41720 82 0 [] 
967.849 65449 0 1 1 0 0 8952 41720 82 0 [] 
968.849 65449 0 1 1 0 0 8952 41720 82 0 [] 
969.849 65449 0 1 1 0 0 8952 41720 82 0 [] 
970.849 65449 0 1 1 0 0 8952 41720 82 0 [] 
971.849 65449 0 1 1 0 0 8952 41720 82 0 [] 
972.849 65449 0 1 1 0 0 8952 41720 82 0 [] 
973.849 65449 0 1 1 0 0 8952 41720 82 0 [] 
974.849 65449 0 1 1 0 0 8952 41720 82 0 [] 
975.849 65449 0 1 1 0 0 8952 41720 82 0 [] 
976.849 65449 0 1 1 0 0 8952 41720 82 0 [] 
977.849 65449 0 1 1 0 0 8952 41720 82 0 [] 
978.849 65449 0 1 1 0 0 8952 41720 82 0 [] 
979.849 65449 0 1 1 0 0 8952 41720 82 0 [] 
980.849 65449 0 1 1 0 0 8952 41720 82 0 [] 
981.849 65449 0 1 1 0 0 8952 41720 82 0 [] 
982.849 65449 0 1 1 0 0 8952 41720 82 0 [] 
983.849 65449 0 1 1 0 0 8952 41720 82 0 [] 
984.849 65449 0 1 1 0 0 8952 41720 82 0 [] 
985.849 65449 0 1 1 0 0 8952 41720 82 0 [] 
986.849 65449 0 1 1 0 0 8952 41720 82 0 [] 
987.849 65449 0 1 1 0 0 8952 41720 82 0 [] 
988.849 65449 0 1 1 0 0 8952 41720 82 0 [] 
989.849 65449 0 1 1 0 0 8952 41720 82 0 [] 
990.849 65449 0 1 1 0 0 8952 41720 82 0 [] 
991.849 65449 0 1 1 0 0 8952 41720 82 0 [] 
992.849 65449 0 1 1 0 0 8952 41720 82 0 [] 
993.849 65449 0 1 1 0 0 8952 41720 82 0 [] 
994.849 65449 0 1 1 0 0 8952 41720 82 0 [] 
995.849 65449 0 1 1 0 0 8952 41720 82 0 [] 
996.849 65449 0 1 1 0 0 8952 41720 82 0 [] 
997.849 65449 0 1 1 0 0 8952 41720 82 0 [] 
998.849 65449 0 1 1 0 0 8952 41720 82 0 [] 
999.849 65449 0 1 1 0 0 8952 41720 82 0 [] 
1000.85 65449 0 1 1 0 0 8952 41720 82 0 [] 
1001.85 65449 0 1 1 0 0 8952 41720 82 0 [] 
1002.85 65449 0 1 1 0 0 8952 41720 82 0 [] 
1003.85 65449 0 1 1 0 0 8952 41720 82 0 [] 
1004.85 65449 0 1 1 0 0 8952 41720 82 0 [] 
1005.85 65449 0 1 1 0 0 8952 41720 82 0 [] 
1006.85 65449 0 1 1 0 0 8952 41720 82 0 [] 
1007.85 65449 0 1 1 0 0 8952 41720 82 0 [] 
1008.85 65449 0 1 1 0 0 8952 41720 82 0 [] 
1009.85 65449 0 1 1 0 0 8952 41720 82 0 [] 
1010.85 65449 0 1 1 0 0 8952 41720 82 0 [] 
1011.85 65449 0 1 1 0 0 8952 41720 82 0 [] 
1012.85 65449 0 1 1 0 0 8952 41720 82 0 [] 
1013.85 65449 0 1 1 0 0 8952 41720 82 0 [] 
1014.85 65449 0 1 1 0 0 8952 41720 82 0 [] 
1015.85 65449 0 1 1 0 0 8952 41720 82 0 [] 
1016.85 65449 0 1 1 0 0 8952 41720 82 0 [] 
1017.85 65449 0 1 1 0 0 8952 41720 82 0 [] 
1018.85 65449 0 1 1 0 0 8952 41720 82 0 [] 
1019.85 65449 0 1 1 0 0 8952 41720 82 0 [] 
1020.85 65449 0 1 1 0 0 8952 41720 82 0 [] 
1021.85 65449 0 1 1 0 0 8952 41720 82 0 [] 
1022.85 65449 0 1 1 0 0 8952 41720 82 0 [] 
1023.85 65449 0 1 1 0 0 8952 41720 82 0 [] 
1024.85 65449 0 1 1 0 0 8952 41720 82 0 [] 
1025.85 65449 0 1 1 0 0 8952 41720 82 0 [] 
1026.85 65449 0 1 1 0 0 8952 41720 82 0 [] 
1027.85 65449 0 1 1 0 0 8952 41720 82 0 [] 
1028.85 65449 0 1 1 0 0 8952 41720 82 0 [] 
1029.85 65449 0 1 1 0 0 8952 41720 82 0 [] 
1030.85 65449 0 1 1 0 0 8952 41720 82 0 [] 
1031.85 65449 0 1 1 0 0 8952 41720 82 0 [] 
1032.85 65449 0 1 1 0 0 8952 41720 82 0 [] 
1033.85 65449 0 1 1 0 0 8952 41720 82 0 [] 
1034.85 65449 0 1 1 0 0 8952 41720 82 0 [] 
1035.85 65449 0 1 1 0 0 8952 41720 82 0 [] 
1036.85 65449 0 1 1 0 0 8952 41720 82 0 [] 
1037.85 65449 0 1 1 0 0 8952 41720 82 0 [] 
1038.85 65449 0 1 1 0 0 8952 41720 82 0 [] 
1039.85 65449 0 1 1 0 0 8952 41720 82 0 [] 
1040.85 65449 0 1 1 0 0 8952 41720 82 0 [] 
1041.85 65449 0 1 1 0 0 8952 41720 82 0 [] 
1042.85 65449 0 1 1 0 0 8952 41720 82 0 [] 
1043.85 65449 0 1 1 0 0 8952 41720 82 0 [] 
1044.85 65449 0 1 1 0 0 8952 41720 82 0 [] 
1045.85 65449 0 1 1 0 0 8952 41720 82 0 [] 
1046.85 65449 0 1 1 0 0 8952 41720 82 0 [] 
1047.85 65449 0 1 1 0 0 8952 41720 82 0 [] 
1048.85 65449 0 1 1 0 0 8952 41720 82 0 [] 
1049.85 65449 0 1 1 0 0 8952 41720 82 0 [] 
1050.85 65449 0 1 1 0 0 8952 41720 82 0 [] 
1051.85 65449 0 1 1 0 0 8952 41720 82 0 [] 
1052.85 65449 0 1 1 0 0 8952 41720 82 0 [] 
1053.85 65449 0 1 1 0 0 8952 41720 82 0 [] 
1054.85 65449 0 1 1 0 0 8952 41720 82 0 [] 
1055.85 65449 0 1 1 0 0 8952 41720 82 0 [] 
1056.85 65449 0 1 1 0 0 8952 41720 82 0 [] 
1057.85 65449 0 1 1 0 0 8952 41720 82 0 [] 
1058.85 65449 0 1 1 0 0 8952 41720 82 0 [] 
1059.85 65449 0 1 1 0 0 8952 41720 82 0 [] 
1060.85 65449 0 1 1 0 0 8952 41720 82 0 [] 
1061.85 65449 0 1 1 0 0 8952 41720 82 0 [] 
1062.85 65449 0 1 1 0 0 8952 41720 82 0 [] 
1063.85 65449 0 1 1 0 0 8952 41720 82 0 [] 
1064.85 65449 0 1 1 0 0 8952 41720 82 0 [] 
1065.85 65449 0 1 1 0 0 8952 41720 82 0 [] 
1066.85 65449 0 1 1 0 0 8952 41720 82 0 [] 
1067.85 65449 0 1 1 0 0 8952 41720 82 0 [] 
1068.85 65449 0 1 1 0 0 8952 41720 82 0 [] 
1069.85 65449 0 1 1 0 0 8952 41720 82 0 [] 
1070.85 65449 0 1 1 0 0 8952 41720 82 0 [] 
1071.85 65449 0 1 1 0 0 8952 41720 82 0 [] 
1072.85 65449 0 1 1 0 0 8952 41720 82 0 [] 
1073.85 65449 0 1 1 0 0 8952 41720 82 0 [] 
1074.85 65449 0 1 1 0 0 8952 41720 82 0 [] 
1075.85 65449 0 1 1 0 0 8952 41720 82 0 [] 
1076.85 65449 0 1 1 0 0 8952 41720 82 0 [] 
1077.85 65449 0 1 1 0 0 8952 41720 82 0 [] 
1078.85 65449 0 1 1 0 0 8952 41720 82 0 [] 
1079.85 65449 0 1 1 0 0 8952 41720 82 0 [] 
1080.85 65449 0 1 1 0 0 8952 41720 82 0 [] 
1081.85 65449 0 1 1 0 0 8952 41720 82 0 [] 
1082.85 65449 0 1 1 0 0 8952 41720 82 0 [] 
1083.85 65449 0 1 1 0 0 8952 41720 82 0 [] 
1084.85 65449 0 1 1 0 0 8952 41720 82 0 [] 
1085.85 65449 0 1 1 0 0 8952 41720 82 0 [] 
1086.85 65449 0 1 1 0 0 8952 41720 82 0 [] 
1087.85 65449 0 1 1 0 0 8952 41720 82 0 [] 
1088.85 65449 0 1 1 0 0 8952 41720 82 0 [] 
1089.85 65449 0 1 1 0 0 8952 41720 82 0 [] 
1090.85 65449 0 1 1 0 0 8952 41720 82 0 [] 
1091.85 65449 0 1 1 0 0 8952 41720 82 0 [] 
1092.85 65449 0 1 1 0 0 8952 41720 82 0 [] 
1093.85 65449 0 1 1 0 0 8952 41720 82 0 [] 
1094.85 65449 0 1 1 0 0 8952 41720 82 0 [] 
1095.85 65449 0 1 1 0 0 8952 41720 82 0 [] 
1096.85 65449 0 1 1 0 0 8952 41720 82 0 [] 
1097.85 65449 0 1 1 0 0 8952 41720 82 0 [] 
1098.85 65449 0 1 1 0 0 8952 41720 82 0 [] 
1099.85 65449 0 1 1 0 0 8952 41720 82 0 [] 
1100.85 65449 0 1 1 0 0 8952 41720 82 0 [] 
1101.85 65449 0 1 1 0 0 8952 41720 82 0 [] 
1102.85 65449 0 1 1 0 0 8952 41720 82 0 [] 
1103.85 65449 0 1 1 0 0 8952 41720 82 0 [] 
1104.85 65449 0 1 1 0 0 8952 41720 82 0 [] 
1105.85 65449 0 1 1 0 0 8952 41720 82 0 [] 
1106.85 65449 0 1 1 0 0 8952 41720 82 0 [] 
1107.85 65449 0 1 1 0 0 8952 41720 82 0 [] 
1108.85 65449 0 1 1 0 0 8952 41720 82 0 [] 
1109.85 65449 0 1 1 0 0 8952 41720 82 0 [] 
1110.85 65449 0 1 1 0 0 8952 41720 82 0 [] 
1111.85 65449 0 1 1 0 0 8952 41720 82 0 [] 
1112.85 65449 0 1 1 0 0 8952 41720 82 0 [] 
1113.85 65449 0 1 1 0 0 8952 41720 82 0 [] 
1114.85 65449 0 1 1 0 0 8952 41720 82 0 [] 
1115.85 65449 0 1 1 0 0 8952 41720 82 0 [] 
1116.85 65449 0 1 1 0 0 8952 41720 82 0 [] 
1117.85 65449 0 1 1 0 0 8952 41720 82 0 [] 
1118.85 65449 0 1 1 0 0 8952 41720 82 0 [] 
1119.85 65449 0 1 1 0 0 8952 41720 82 0 [] 
1120.85 65449 0 1 1 0 0 8952 41720 82 0 [] 
1121.85 65449 0 1 1 0 0 8952 41720 82 0 [] 
1122.85 65449 0 1 1 0 0 8952 41720 82 0 [] 
1123.85 65449 0 1 1 0 0 8952 41720 82 0 [] 
1124.85 65449 0 1 1 0 0 8952 41720 82 0 [] 
1125.85 65449 0 1 1 0 0 8952 41720 82 0 [] 
1126.85 65449 0 1 1 0 0 8952 41720 82 0 [] 
1127.85 65449 0 1 1 0 0 8952 41720 82 0 [] 
1128.85 65449 0 1 1 0 0 8952 41720 82 0 [] 
1129.85 65449 0 1 1 0 0 8952 41720 82 0 [] 
1130.85 65449 0 1 1 0 0 8952 41720 82 0 [] 
1131.85 65449 0 1 1 0 0 8952 41720 82 0 [] 
1132.85 65449 0 1 1 0 0 8952 41720 82 0 [] 
1133.85 65449 0 1 1 0 0 8952 41720 82 0 [] 
1134.85 65449 0 1 1 0 0 8952 41720 82 0 [] 
1135.85 65449 0 1 1 0 0 8952 41720 82 0 [] 
1136.85 65449 0 1 1 0 0 8952 41720 82 0 [] 
1137.85 65449 0 1 1 0 0 8952 41720 82 0 [] 
1139.1 33060 3 1 1 0 0 8952 41720 82 1 [65448] 
1140.1 33060 3 1 1 0 0 8952 41720 82 1 [65448] 
1141.1 33060 3 1 1 0 0 8952 41720 82 1 [65448] 
1142.1 33060 3 1 1 0 0 8952 41720 82 1 [65448] 
1143.1 65449 0 1 1 0 0 8952 41720 82 0 [] 
1144.1 65449 0 1 1 0 0 8952 41720 82 0 [] 
1145.1 65449 0 1 1 0 0 8952 41720 82 0 [] 
1146.1 65449 0 1 1 0 0 8952 41720 82 0 [] 
1147.1 65449 0 1 1 0 0 8952 41720 82 0 [] 
1148.1 65449 0 1 1 0 0 8952 41720 82 0 [] 
1149.1 65449 0 1 1 0 0 8952 41720 82 0 [] 
1150.1 65449 0 1 1 0 0 8952 41720 82 0 [] 
1151.1 65449 0 1 1 0 0 8952 41720 82 0 [] 
1152.1 65449 0 1 1 0 0 8952 41720 82 0 [] 
1153.1 65449 0 1 1 0 0 8952 41720 82 0 [] 
1154.16 33060 2 0 1 0 1 8952 41720 82 4 [33115, 65448, 65497, 65499] 
1155.16 33060 2 0 1 0 1 8952 41720 82 4 [33115, 65448, 65497, 65499] 
1156.16 33060 2 0 1 0 1 8952 41720 82 6 [33115, 65448, 65496, 65497, 65498, 65499] 
1157.2 33060 2 0 1 0 1 8952 41720 82 6 [33115, 65448, 65496, 65497, 65498, 65499] 
1158.2 33060 2 0 1 0 1 8952 41720 82 6 [33115, 65448, 65496, 65497, 65498, 65499] 
1159.2 33060 2 0 1 0 1 8952 41720 82 6 [33115, 65448, 65496, 65497, 65498, 65499] 
1160.21 33060 2 0 1 0 1 8952 41720 82 6 [33115, 65448, 65496, 65497, 65498, 65499] 
1161.21 33060 2 0 1 0 1 8952 41720 82 6 [33115, 65448, 65496, 65497, 65498, 65499] 
1162.21 33060 2 0 1 0 1 8952 41720 82 6 [33115, 65448, 65496, 65497, 65498, 65499] 
1163.22 33060 2 0 1 0 1 8952 41720 82 6 [33115, 65448, 65496, 65497, 65498, 65499] 
1164.23 33060 2 0 1 0 1 8952 41720 82 6 [33115, 65448, 65496, 65497, 65498, 65499] 
1165.23 33060 2 0 1 0 1 8952 41720 82 6 [33115, 65448, 65496, 65497, 65498, 65499] 
1166.23 33060 2 0 1 0 1 8952 41720 82 6 [33115, 65448, 65496, 65497, 65498, 65499] 
1167.24 33060 2 0 1 0 1 8952 41720 82 6 [33115, 65448, 65496, 65497, 65498, 65499] 
1168.24 33060 2 0 1 0 1 8952 41720 82 6 [33115, 65448, 65496, 65497, 65498, 65499] 
1169.25 33060 2 0 0 0 1 8952 41720 82 6 [33115, 65448, 65496, 65497, 65498, 65499] 
1170.25 33060 2 0 0 0 1 8952 41720 82 6 [33115, 65448, 65496, 65497, 65498, 65499] 
1171.26 33060 2 0 0 0 1 8952 41720 82 6 [33115, 65448, 65496, 65497, 65498, 65499] 
1172.26 33060 2 0 0 0 1 8952 41720 82 6 [33115, 65448, 65496, 65497, 65498, 65499] 
1173.26 33060 2 0 0 0 1 8952 41720 82 6 [33115, 65448, 65496, 65497, 65498, 65499] 
1174.26 33060 2 0 0 0 1 8952 41720 82 6 [33115, 65448, 65496, 65497, 65498, 65499] 
1175.28 33060 1 0 0 0 1 8952 41720 82 7 [33060, 33115, 65448, 65496, 65497, 65498, 65499] 
1176.29 33060 1 0 0 0 1 8952 41720 82 7 [33060, 33115, 65448, 65496, 65497, 65498, 65499] 
1177.31 33060 1 0 0 0 1 8952 41720 82 7 [33060, 33115, 65448, 65496, 65497, 65498, 65499] 
1178.32 33060 1 0 0 0 1 8952 41720 82 7 [33060, 33115, 65448, 65496, 65497, 65498, 65499] 
1179.34 33060 1 0 0 0 1 8952 41720 82 7 [33060, 33115, 65448, 65496, 65497, 65498, 65499] 
1180.34 33060 1 0 0 0 1 8952 41720 82 7 [33060, 33115, 65448, 65496, 65497, 65498, 65499] 
1181.34 33060 1 0 0 0 1 8952 41720 82 7 [33060, 33115, 65448, 65496, 65497, 65498, 65499] 
1182.37 33060 1 0 0 0 1 8952 41720 82 7 [33060, 33115, 65448, 65496, 65497, 65498, 65499] 
1183.39 33060 1 0 0 0 1 8952 41720 82 7 [33060, 33115, 65448, 65496, 65497, 65498, 65499] 
1184.39 33060 1 0 0 0 1 8952 41720 82 7 [33060, 33115, 65448, 65496, 65497, 65498, 65499] 
1185.4 33060 1 0 0 0 1 8952 41720 82 7 [33060, 33115, 65448, 65496, 65497, 65498, 65499] 
1186.42 33060 1 0 0 0 1 8952 41720 82 7 [33060, 33115, 65448, 65496, 65497, 65498, 65499] 
1187.42 33060 1 0 0 0 1 8952 41720 82 7 [33060, 33115, 65448, 65496, 65497, 65498, 65499] 
1188.44 33060 1 0 0 0 1 8952 41720 82 7 [33060, 33115, 65448, 65496, 65497, 65498, 65499] 
1189.44 33060 1 0 0 0 1 8952 41720 82 7 [33060, 33115, 65448, 65496, 65497, 65498, 65499] 
1190.45 33060 1 0 0 0 1 8952 41720 82 7 [33060, 33115, 65448, 65496, 65497, 65498, 65499] 
1191.47 33060 1 0 0 0 1 8952 41720 82 7 [33060, 33115, 65448, 65496, 65497, 65498, 65499] 
1192.48 33060 1 0 0 0 1 8952 41720 82 7 [33060, 33115, 65448, 65496, 65497, 65498, 65499] 
1193.48 33060 1 0 0 0 1 8952 41720 82 7 [33060, 33115, 65448, 65496, 65497, 65498, 65499] 
1194.5 33060 1 0 0 0 1 8952 41720 82 7 [33060, 33115, 65448, 65496, 65497, 65498, 65499] 
1195.51 33060 1 0 0 0 1 8952 41720 82 7 [33060, 33115, 65448, 65496, 65497, 65498, 65499] 
1196.51 33060 1 0 0 0 1 8952 41720 82 7 [33060, 33115, 65448, 65496, 65497, 65498, 65499] 
1197.52 33060 1 0 0 0 1 8952 41720 82 7 [33060, 33115, 65448, 65496, 65497, 65498, 65499] 
1198.53 33060 1 0 0 0 1 8952 41720 82 7 [33060, 33115, 65448, 65496, 65497, 65498, 65499] 
1199.55 33060 1 0 0 0 1 8952 41720 82 7 [33060, 33115, 65448, 65496, 65497, 65498, 65499] 
1200.55 33060 1 0 0 0 1 8952 41720 82 7 [33060, 33115, 65448, 65496, 65497, 65498, 65499] 
1201.55 33060 1 0 0 0 1 8952 41720 82 7 [33060, 33115, 65448, 65496, 65497, 65498, 65499] 
1202.55 33060 1 0 0 0 1 8952 41720 82 7 [33060, 33115, 65448, 65496, 65497, 65498, 65499] 
1203.55 33060 1 0 0 0 1 8952 41720 82 7 [33060, 33115, 65448, 65496, 65497, 65498, 65499] 
1204.55 33060 1 0 0 0 1 8952 41720 82 7 [33060, 33115, 65448, 65496, 65497, 65498, 65499] 
1205.58 33060 1 0 0 0 1 8952 41720 82 7 [33060, 33115, 65448, 65496, 65497, 65498, 65499] 
1206.58 33060 1 0 0 0 1 8952 41720 82 7 [33060, 33115, 65448, 65496, 65497, 65498, 65499] 
1207.58 33060 1 0 0 0 1 8952 41720 82 7 [33060, 33115, 65448, 65496, 65497, 65498, 65499] 
1208.59 33060 1 0 0 0 1 8952 41720 82 7 [33060, 33115, 65448, 65496, 65497, 65498, 65499] 
1209.59 33060 1 0 0 0 1 8952 41720 82 6 [33060, 65448, 65496, 65497, 65498, 65499] 
1210.6 33060 1 0 0 0 1 8952 41720 82 6 [33060, 65448, 65496, 65497, 65498, 65499] 
1211.6 33060 1 0 0 0 1 8952 41720 82 6 [33060, 65448, 65496, 65497, 65498, 65499] 
1212.62 33060 1 0 0 0 1 8952 41720 82 6 [33060, 65448, 65496, 65497, 65498, 65499] 
1213.62 33060 1 0 0 0 1 8952 41720 82 6 [33060, 65448, 65496, 65497, 65498, 65499] 
1214.62 33060 1 0 0 0 1 8952 41720 82 6 [33060, 65448, 65496, 65497, 65498, 65499] 
1215.62 33060 1 0 0 0 1 8952 41720 82 6 [33060, 65448, 65496, 65497, 65498, 65499] 
1216.62 33060 1 0 0 0 1 8952 41720 82 6 [33060, 65448, 65496, 65497, 65498, 65499] 
1217.65 33060 1 0 0 0 1 8952 41720 82 6 [33060, 65448, 65496, 65497, 65498, 65499] 
1218.65 33060 1 0 0 0 1 8952 41720 82 6 [33060, 65448, 65496, 65497, 65498, 65499] 
1219.66 33060 1 0 0 0 1 8952 41720 82 6 [33060, 65448, 65496, 65497, 65498, 65499] 
1220.66 33060 1 0 0 0 1 8952 41720 82 6 [33060, 65448, 65496, 65497, 65498, 65499] 
1221.66 33060 1 0 0 0 1 8952 41720 82 6 [33060, 65448, 65496, 65497, 65498, 65499] 
1222.67 33060 1 0 0 0 1 8952 41720 82 6 [33060, 65448, 65496, 65497, 65498, 65499] 
1223.67 33060 1 0 0 0 1 8952 41720 82 6 [33060, 65448, 65496, 65497, 65498, 65499] 
1224.67 33060 1 0 0 0 1 8952 41720 82 6 [33060, 65448, 65496, 65497, 65498, 65499] 
1225.67 33060 1 0 0 0 1 8952 41720 82 6 [33060, 65448, 65496, 65497, 65498, 65499] 
1226.68 33060 1 0 0 0 1 8952 41720 82 6 [33060, 65448, 65496, 65497, 65498, 65499] 
1227.69 33060 1 0 0 0 1 8952 41720 82 6 [33060, 65448, 65496, 65497, 65498, 65499] 
1228.69 33060 1 0 0 0 1 8952 41720 82 6 [33060, 65448, 65496, 65497, 65498, 65499] 
1229.69 33060 1 0 0 0 1 8952 41720 82 6 [33060, 65448, 65496, 65497, 65498, 65499] 
1230.69 33060 1 0 0 0 1 8952 41720 82 6 [33060, 65448, 65496, 65497, 65498, 65499] 
1231.69 33060 1 0 0 0 1 8952 41720 82 6 [33060, 65448, 65496, 65497, 65498, 65499] 
1232.69 33060 1 0 0 0 1 8952 41720 82 6 [33060, 65448, 65496, 65497, 65498, 65499] 
1233.69 33060 1 0 0 0 1 8952 41720 82 6 [33060, 65448, 65496, 65497, 65498, 65499] 
1234.69 33060 1 0 0 0 1 8952 41720 82 6 [33060, 65448, 65496, 65497, 65498, 65499] 
1235.7 33060 1 0 0 0 1 8952 41720 82 6 [33060, 65448, 65496, 65497, 65498, 65499] 
1236.72 33060 1 0 0 0 1 8952 41720 82 6 [33060, 65448, 65496, 65497, 65498, 65499] 
1237.72 33060 1 0 0 0 1 8952 41720 82 6 [33060, 65448, 65496, 65497, 65498, 65499] 
1238.72 33060 1 0 0 0 1 8952 41720 82 6 [33060, 65448, 65496, 65497, 65498, 65499] 
1239.72 33060 1 0 0 0 1 8952 41720 82 6 [33060, 65448, 65496, 65497, 65498, 65499] 
1240.73 33060 1 0 0 0 1 8952 41720 82 6 [33060, 65448, 65496, 65497, 65498, 65499] 
1241.73 33060 1 0 0 0 1 8952 41720 82 6 [33060, 65448, 65496, 65497, 65498, 65499] 
1242.74 33060 1 0 0 0 1 8952 41720 82 6 [33060, 65448, 65496, 65497, 65498, 65499] 
1243.74 33060 1 0 0 0 1 8952 41720 82 6 [33060, 65448, 65496, 65497, 65498, 65499] 
1244.74 33060 1 0 0 0 1 8952 41720 82 6 [33060, 65448, 65496, 65497, 65498, 65499] 
1245.74 33060 1 0 0 0 1 8952 41720 82 6 [33060, 65448, 65496, 65497, 65498, 65499] 
1246.75 33060 1 0 0 0 1 8952 41720 82 6 [33060, 65448, 65496, 65497, 65498, 65499] 
1247.75 33060 1 0 0 0 1 8952 41720 82 6 [33060, 65448, 65496, 65497, 65498, 65499] 
1248.75 33060 1 0 0 0 1 8952 41720 82 6 [33060, 65448, 65496, 65497, 65498, 65499] 
1249.75 33060 1 0 0 0 1 8952 41720 82 6 [33060, 65448, 65496, 65497, 65498, 65499] 
1250.77 33060 1 0 0 0 1 8952 41720 82 6 [33060, 65448, 65496, 65497, 65498, 65499] 
1251.77 33060 1 0 0 0 1 8952 41720 82 6 [33060, 65448, 65496, 65497, 65498, 65499] 
1252.77 33060 1 0 0 0 1 8952 41720 82 6 [33060, 65448, 65496, 65497, 65498, 65499] 
1253.78 33060 1 0 0 0 1 8952 41720 82 6 [33060, 65448, 65496, 65497, 65498, 65499] 
1254.78 33060 1 0 0 0 1 8952 41720 82 6 [33060, 65448, 65496, 65497, 65498, 65499] 
1255.8 33060 1 0 0 0 1 8952 41720 82 6 [33060, 65448, 65496, 65497, 65498, 65499] 
1256.81 33060 1 0 0 0 1 8952 41720 82 6 [33060, 65448, 65496, 65497, 65498, 65499] 
1257.81 33060 1 0 0 0 1 8952 41720 82 6 [33060, 65448, 65496, 65497, 65498, 65499] 
1258.83 33060 2 0 0 0 1 8952 41720 82 5 [65448, 65496, 65497, 65498, 65499] 
1259.83 33060 2 0 0 0 1 8952 41720 82 5 [65448, 65496, 65497, 65498, 65499] 
1260.84 33060 2 0 0 0 1 8952 41720 82 5 [65448, 65496, 65497, 65498, 65499] 
1261.84 33060 2 0 0 0 1 8952 41720 82 5 [65448, 65496, 65497, 65498, 65499] 
1262.84 33060 2 0 0 0 1 8952 41720 82 5 [65448, 65496, 65497, 65498, 65499] 
1263.84 33060 1 0 0 0 1 8952 41720 82 6 [33060, 65448, 65496, 65497, 65498, 65499] 
1264.84 33060 1 0 0 0 1 8952 41720 82 6 [33060, 65448, 65496, 65497, 65498, 65499] 
1265.85 33060 1 0 0 0 1 8952 41720 82 6 [33060, 65448, 65496, 65497, 65498, 65499] 
1266.85 33060 1 0 0 0 1 8952 41720 82 6 [33060, 65448, 65496, 65497, 65498, 65499] 
1267.85 33060 2 0 0 0 1 8952 41720 82 5 [65448, 65496, 65497, 65498, 65499] 
1268.85 33060 2 0 0 0 1 8952 41720 82 5 [65448, 65496, 65497, 65498, 65499] 
1269.85 33060 2 0 0 0 0 8952 41720 82 5 [65448, 65496, 65497, 65498, 65499] 
1270.85 33060 2 0 0 0 0 8952 41720 82 5 [65448, 65496, 65497, 65498, 65499] 
1271.85 33060 1 0 0 0 0 8952 41720 82 6 [33060, 65448, 65496, 65497, 65498, 65499] 
1272.85 33060 1 0 0 0 0 8952 41720 82 6 [33060, 65448, 65496, 65497, 65498, 65499] 
1273.86 33060 1 0 0 0 0 8952 41720 82 6 [33060, 65448, 65496, 65497, 65498, 65499] 
1274.86 33060 1 0 0 0 0 8952 41720 82 6 [33060, 65448, 65496, 65497, 65498, 65499] 
1275.87 33060 1 0 0 0 0 8952 41720 82 6 [33060, 65448, 65496, 65497, 65498, 65499] 
1276.87 33060 1 0 0 0 0 8952 41720 82 6 [33060, 65448, 65496, 65497, 65498, 65499] 
1277.87 33060 1 0 0 0 1 8952 41720 82 6 [33060, 65448, 65496, 65497, 65498, 65499] 
1278.88 33060 1 0 0 0 1 8952 41720 88 6 [33060, 65448, 65496, 65497, 65498, 65499] 
1279.88 33060 1 0 0 0 1 8952 41720 88 6 [33060, 65448, 65496, 65497, 65498, 65499] 
1280.89 33060 1 0 0 0 1 8952 41720 88 6 [33060, 65448, 65496, 65497, 65498, 65499] 
1281.89 33060 1 0 0 0 1 8952 41720 88 6 [33060, 65448, 65496, 65497, 65498, 65499] 
1282.9 33060 1 0 0 0 1 8952 41720 88 6 [33060, 65448, 65496, 65497, 65498, 65499] 
1283.9 33060 1 0 0 0 1 8952 41720 88 6 [33060, 65448, 65496, 65497, 65498, 65499] 
1284.9 33060 1 0 0 0 1 8952 41720 88 6 [33060, 65448, 65496, 65497, 65498, 65499] 
1285.9 33060 2 0 0 0 1 8952 41720 88 5 [65448, 65496, 65497, 65498, 65499] 
1286.9 33060 2 0 0 0 1 8952 41720 88 5 [65448, 65496, 65497, 65498, 65499] 
1287.91 33060 3 0 0 0 1 8952 41720 88 5 [65448, 65496, 65497, 65498, 65499] 
1288.91 33060 4 0 0 0 1 8952 41720 88 5 [65448, 65496, 65497, 65498, 65499] 
1289.91 33060 5 0 0 0 1 8952 41720 88 5 [65448, 65496, 65497, 65498, 65499] 
1290.91 33060 6 0 0 0 1 8952 41720 88 5 [65448, 65496, 65497, 65498, 65499] 
1291.93 33060 7 0 0 0 1 8952 41720 88 5 [65448, 65496, 65497, 65498, 65499] 
1292.93 33060 8 0 0 0 1 8952 41720 88 5 [65448, 65496, 65497, 65498, 65499] 
1293.93 33060 9 0 0 0 1 8952 41720 88 5 [65448, 65496, 65497, 65498, 65499] 
1294.94 33060 10 0 0 0 1 8952 41720 88 5 [65448, 65496, 65497, 65498, 65499] 
1295.95 65448 1 0 0 0 1 8952 41720 88 5 [65448, 65496, 65497, 65498, 65499] 
1296.95 65448 1 0 0 0 1 8952 41720 88 5 [65448, 65496, 65497, 65498, 65499] 
1297.96 65448 1 0 0 0 1 8952 41720 88 5 [65448, 65496, 65497, 65498, 65499] 
1298.96 65448 1 0 0 0 1 8952 41720 88 5 [65448, 65496, 65497, 65498, 65499] 
1299.96 65448 1 0 0 0 1 8952 41720 88 5 [65448, 65496, 65497, 65498, 65499] 
1300.98 65448 1 0 0 0 1 8952 41720 88 5 [65448, 65496, 65497, 65498, 65499] 
1301.98 65448 1 0 0 0 1 8952 41720 88 5 [65448, 65496, 65497, 65498, 65499] 
1302.98 65448 1 0 0 0 1 8952 41720 88 5 [65448, 65496, 65497, 65498, 65499] 
1303.98 65448 1 0 0 0 1 8952 41720 88 5 [65448, 65496, 65497, 65498, 65499] 
1304.98 65448 1 0 0 0 1 8952 41720 88 5 [65448, 65496, 65497, 65498, 65499] 
1305.98 65448 1 0 0 0 1 8952 41720 88 5 [65448, 65496, 65497, 65498, 65499] 
1306.98 65448 1 0 0 0 1 8952 41720 88 5 [65448, 65496, 65497, 65498, 65499] 
1308 65448 1 0 0 0 1 8952 41720 88 5 [65448, 65496, 65497, 65498, 65499] 
1309 65448 1 0 0 0 1 8952 41720 88 5 [65448, 65496, 65497, 65498, 65499] 
1310.02 65448 1 0 0 0 1 8952 41720 88 5 [65448, 65496, 65497, 65498, 65499] 
1311.02 65448 1 0 0 0 1 8952 41720 88 5 [65448, 65496, 65497, 65498, 65499] 
1312.02 65448 1 0 0 0 1 8952 41720 88 5 [65448, 65496, 65497, 65498, 65499] 
1313.02 65448 1 0 0 0 1 8952 41720 88 5 [65448, 65496, 65497, 65498, 65499] 
1314.04 65448 1 0 0 0 1 8952 41720 88 5 [65448, 65496, 65497, 65498, 65499] 
1315.04 65448 1 0 0 0 1 8952 41720 88 5 [65448, 65496, 65497, 65498, 65499] 
1316.04 65448 1 0 0 0 1 8952 41720 88 5 [65448, 65496, 65497, 65498, 65499] 
1317.04 65448 1 0 0 0 1 8952 41720 88 5 [65448, 65496, 65497, 65498, 65499] 
1318.05 65448 1 0 0 0 1 8952 41720 88 5 [65448, 65496, 65497, 65498, 65499] 
1319.05 65448 1 0 0 0 1 8952 41720 88 5 [65448, 65496, 65497, 65498, 65499] 
1320.06 65448 1 0 0 0 1 8952 41720 88 5 [65448, 65496, 65497, 65498, 65499] 
1321.06 65448 1 0 0 0 1 8952 41720 88 5 [65448, 65496, 65497, 65498, 65499] 
1322.06 65448 1 0 0 0 1 8952 41720 88 5 [65448, 65496, 65497, 65498, 65499] 
1323.06 65448 1 0 0 0 1 8952 41720 88 5 [65448, 65496, 65497, 65498, 65499] 
1324.06 65448 1 0 0 0 1 8952 41720 88 5 [65448, 65496, 65497, 65498, 65499] 
1325.06 65448 1 0 0 0 1 8952 41720 88 5 [65448, 65496, 65497, 65498, 65499] 
1326.07 65448 1 0 0 0 1 8952 41720 88 5 [65448, 65496, 65497, 65498, 65499] 
1327.08 65448 1 0 0 0 1 8952 41720 88 5 [65448, 65496, 65497, 65498, 65499] 
1328.08 65448 1 0 0 0 1 8952 41720 88 5 [65448, 65496, 65497, 65498, 65499] 
1329.09 65448 1 0 0 0 1 8952 41720 88 5 [65448, 65496, 65497, 65498, 65499] 
1330.09 65448 1 0 0 0 1 8952 41720 88 5 [65448, 65496, 65497, 65498, 65499] 
1331.1 65448 1 0 0 0 1 8952 41720 88 4 [65448, 65496, 65497, 65499] 
1332.1 65448 1 0 0 0 1 8952 41720 88 4 [65448, 65496, 65497, 65499] 
1333.1 65448 1 0 0 0 1 8952 41720 88 4 [65448, 65496, 65497, 65499] 
1334.1 65448 1 0 0 0 1 8952 41720 88 2 [65448, 65497] 
1335.1 65448 1 0 0 0 1 8952 41720 88 3 [65448, 65497, 65499] 
1336.1 65448 1 0 0 0 1 8952 41720 88 3 [65448, 65497, 65499] 
1337.1 65448 1 0 0 0 1 8952 41720 88 3 [65448, 65497, 65499] 
1338.11 65448 1 0 0 0 1 8952 41720 88 3 [65448, 65497, 65499] 
1339.13 65448 1 0 0 0 1 8952 41720 88 3 [65448, 65497, 65499] 
1340.13 65448 1 0 0 0 1 8952 41720 88 3 [65448, 65497, 65499] 
1341.13 65448 1 0 0 0 1 8952 41720 88 3 [65448, 65497, 65499] 
1342.13 65448 1 0 0 0 1 8952 41720 88 3 [65448, 65497, 65499] 
1343.13 65448 1 0 0 0 1 8952 41720 88 3 [65448, 65497, 65499] 
1344.13 65448 1 0 0 0 1 8952 41720 88 3 [65448, 65497, 65499] 
1345.13 65448 1 0 0 0 1 8952 41720 88 3 [65448, 65497, 65499] 
1346.13 65448 1 0 0 0 0 8952 41720 88 3 [65448, 65497, 65499] 
1347.13 65448 1 0 0 0 0 8952 41720 88 3 [65448, 65497, 65499] 
1348.13 65448 1 0 0 1 1 8952 41720 88 3 [65448, 65497, 65499] 
1349.13 65448 2 0 0 1 1 8952 41720 88 2 [65497, 65499] 
1350.13 65448 2 0 0 1 1 8952 41720 88 2 [65497, 65499] 
1351.13 65448 2 1 0 1 1 8952 41720 88 1 [65497] 
1352.13 65449 0 1 1 1 1 8952 41720 88 0 [] 
########################################################
# FCPP execution finished at: Thu Jan  1 00:21:52 1970 #
########################################################
